Results for 4 qubits, 159 gates with max error = 10.0% over 3000 runs 
0.6212825970859434
0.7776131983864004
0.7365464421549995
0.564372222590937
0.5768754897507707
0.2347780991869716
0.3138370505622621
0.4856737703496078
0.555345291575212
0.8902689337989355
0.2927025306343311
0.6662666856320336
0.40269619362984
0.6872938643499696
0.6633467162935215
0.7333543335826629
0.3971713061478407
0.1267466709684488
0.6994390666219958
0.6100130066191142
0.710918507528905
0.5659487031599162
0.6288332755497907
0.6527203318598217
0.5762010911306018
0.3828891178706507
0.6338777948247727
0.34821598663860337
0.34979275535725723
0.6862629661967424
0.26887394193245534
0.49109428092474045
0.19176429059145594
0.5021775774849172
0.33648892607508446
0.47654877608099644
0.6329864425436157
0.5685618345107488
0.3091607171023324
0.43736970491766913
0.35740550465388227
0.41166342109364906
0.8276143430744919
0.5177588470724542
0.5701622834332384
0.5779938244051417
0.710821997302656
0.6309432516930265
0.35226265519219874
0.4880893255837789
0.5148127216791804
0.6276277846348065
0.4630669390843854
0.6960919662116888
0.4325460676844685
0.5245925959977931
0.836588288720135
0.6905361966435152
0.7122356479535341
0.48453609325377706
0.8202810018928536
0.6464178795085312
0.5009696249059901
0.4261350739260997
0.842564489608593
0.6725934269093613
0.8899607099417978
0.8065402205837064
0.7523862466691457
0.8842699030758221
0.4661514801045625
0.5348650963216637
0.5609274728848965
0.7766402608976368
0.6168165495237905
0.4594645481829033
0.6064093136170468
0.8314930857267906
0.47081742492576534
0.6371691340438218
0.02505844235638027
0.5211403131426469
0.5685382519601003
0.4804871033659938
0.7575429028960553
0.8020292862024068
0.8427425006879131
0.6574222384549682
0.643935204920563
0.22698563577380296
0.7525935412011312
0.8141373425467714
0.09861046249077665
0.610708137002563
0.6154830882168855
0.41027759796259894
0.8582425214526732
0.6307131943259432
0.44332209252322646
0.5681380340545267
0.409935708963068
0.6442415272554457
0.5943096023908291
0.5228275292027623
0.4879121477071172
0.662444459808314
0.35264908921627275
0.7441632653328694
0.7598180068369587
0.8140703218480954
0.35449905962823763
0.6820069834304576
0.6535648771023754
0.862455782198983
0.7489284622252294
0.6317128683671459
0.2629088656119552
0.6959842768017576
0.453758621030076
0.8436045896615422
0.7258119798988575
0.7796435754493948
0.6287297765113545
0.32065834987855435
0.4502358729499028
0.5843360118157681
0.5446323028970016
0.7817015982398209
0.7424990189408115
0.31450839110616946
0.7525779244145048
0.49890423343674456
0.6111913329383638
0.6216291220882774
0.596849445009627
0.6345094131642298
0.7109521207319229
0.4612954294769481
0.6001137000327315
0.5007020418329736
0.7653844242062875
0.7254936320839733
0.6160325449497304
0.7634243323697154
0.647771913564424
0.6314010478739158
0.6377643301420189
0.38989650916416335
0.5535016154035005
0.6467183544926132
0.025977803298228956
0.4259485651337661
0.5035551632443382
0.7709911279356028
0.27882273823642234
0.5068622435023432
0.6880976353712558
0.39947671380865624
0.8499158489794375
0.4090671340777777
0.6877746145203568
0.06396996488138716
0.694970911933669
0.245520610158622
0.1669559488963307
0.3848123240968743
0.6148967947683168
0.6941202726633673
0.6606026684462465
0.7301395849260167
0.6233035215561564
0.1038105791888153
0.4033091564111801
0.7173220378700597
0.32245989299841404
0.7426687143299727
0.6981638792959908
0.5999039662754909
0.6453922721799307
0.5588192811261848
0.414874296366501
0.6430880222862208
0.8578757315400851
0.575219438754661
0.4220188509153013
0.595884270870184
0.48379365896255083
0.6186022293820937
0.7287951094284774
0.4876674898565387
0.6403408725977582
0.445625858809328
0.7608578057592841
0.6407739929084816
0.7819365938295091
0.29395554548567976
0.34821063639241295
0.6278822888606319
0.30787161013198777
0.7541455339081484
0.7596767952376596
0.7307215092617732
0.7126308275687969
0.6665213014340738
0.8173547120512449
0.7380556033980546
0.7788127648653798
0.45778160147879765
0.6484766415428893
0.43653056711535465
0.44830196386833654
0.5479355646983162
0.6693025635026647
0.7007872602570832
0.5547181154027011
0.35156612445292
0.7649836427435919
0.37949599979500187
0.6041841534958617
0.09397280385063198
0.4193280670776136
0.3004561265785782
0.25058939477431735
0.707127603306035
0.7813685069551286
0.8180854664775585
0.42985104576662
0.49477646375154366
0.5402179602765811
0.6092117672682096
0.578960634620285
0.7197328767975745
0.6980843825854902
0.6145296413775336
0.46320705892186714
0.4677375930970706
0.5751717469455018
0.6141784519593895
0.605091749846781
0.5118297992338859
0.7920915822323011
0.5862366705149067
0.6530591864299286
0.6257266475355885
0.6627227187192023
0.8368544023615719
0.7238251387736551
0.8402508167251973
0.7294611544713516
0.6523422766887575
0.7493814081723115
0.6438429779639316
0.5818877965120679
0.7471576926914861
0.7453268919836195
0.5851816515574895
0.7293866080959289
0.5149350559531636
0.8179400671653768
0.8464170708094064
0.3994878186180277
0.4278731992202535
0.633572447100979
0.3838504647657223
0.7494537075962325
0.46259966906310235
0.5619881682839034
0.2417144269130857
0.6627351024660226
0.43097609236184786
0.3788415638116304
0.7528527059621231
0.7386595167050471
0.7125172563081351
0.6558746096674051
0.7239371785964904
0.7370074157899905
0.4794509566019316
0.7295770116187871
0.5930258124833525
0.30693574673212964
0.6430848526472474
0.3958235616776519
0.8714910068709344
0.7489565290479574
0.8104455978347803
0.7473499296612482
0.12456318412041353
0.5988050413184618
0.5605635374173741
0.7104896990574839
0.6855266142633841
0.46440627304080057
0.7523100859857067
0.7770253402052665
0.8523343687862759
0.7685404632443974
0.4756370021262331
0.5229566445838044
0.6929535280526439
0.6901467234159326
0.4506376524756645
0.7693471956340245
0.4259312557222156
0.5059399809848244
0.6442386485754464
0.600345888030615
0.6356970972626359
0.5796034051814772
0.21873940365686867
0.4607620484137236
0.7339706180086584
0.7105901027156916
0.5714235836951573
0.7409155829597894
0.7026601409687426
0.6105711853300474
0.8686856359586315
0.8042803033461973
0.6130848578230813
0.3931851359412636
0.46014726870252187
0.366476291639701
0.45784434412341235
0.6369255796460179
0.2723408947061017
0.5157201598502958
0.605903740729127
0.2953996283783697
0.5154723817129102
0.5751659850983759
0.6642519225398309
0.5300935351993874
0.5484098008817467
0.6941492320723963
0.534079027063489
0.8211881785584322
0.7579351781693834
0.8637967601137765
0.7035791382735241
0.6863720162067231
0.8664972016276555
0.8200087616374386
0.5104423027880682
0.640130987397609
0.46797727996566996
0.7815969375841165
0.6433249469542998
0.617728837913686
0.007269110610653364
0.8081158399098508
0.6548240492781487
0.4244050642977075
0.8064984777378362
0.6813352945968455
0.7331598931392203
0.47365035144881185
0.5378967898511331
0.2463030684772644
0.41201623380058383
0.5833270132951536
0.5714908739828467
0.6758212965240544
0.3548149986897175
0.5437534863573389
0.3431218863151088
0.6824005673604681
0.06109793119671143
0.6642309170597079
0.6350487712882817
0.6173721296194801
0.7164299049267839
0.7946343784005564
0.19600222460537028
0.5173686770622509
0.6295589951277866
0.7601028814574547
0.6651807981972799
0.5678662132152255
0.7420906113076973
0.6084767762222103
0.32041376389802484
0.10920587016838722
0.047407785411643234
0.49394712148039216
0.5870447917074535
0.7417036825403337
0.5649755470332558
0.601053442312603
0.7551818964630884
0.34763517259166954
0.40632244622611696
0.7730350233168202
0.5099791102288452
0.5029785427445675
0.4545387387721384
0.65582891715739
0.5674677253816707
0.3666581381225042
0.2229969392346145
0.5378212659269774
0.6881687913500013
0.6220123287603477
0.603712489233099
0.5048945019017399
0.4265237272902861
0.5738190932231007
0.8221479487381324
0.7394173510613694
0.7427295029546127
0.3979523937422154
0.5546201788439147
0.6740422704653304
0.7221968194671414
0.3183733554889454
0.7873014118410868
0.6572670678403257
0.6881060960951111
0.27005832022809195
0.6386994260789493
0.6164628188162149
0.5725985585988896
0.32972511049328346
0.8421161076577166
0.632604879029063
0.8706535740654869
0.7279374811756049
0.7185286603887595
0.6396442437465495
0.4821150167895353
0.35656748444684205
0.5238678591585392
0.6694673114108942
0.4506392089529605
0.5748499410384464
0.6790991562215926
0.6945109620200867
0.7148848819773306
0.8509606923178717
0.7215907349970625
0.2312337929657954
0.3830272237728689
0.3583857219926327
0.7760865388744204
0.5996307495434499
0.6584766266540683
0.6778194614904337
0.6237004792218149
0.1908238869552121
0.8467183425671154
0.1755172054492816
0.17978566913686467
0.4065104123885798
0.7112310215677674
0.6048523316640497
0.4803232451094921
0.4063110154872667
0.7154501336834513
0.5566264271186246
0.502645636837975
0.6931221436329464
0.7995579525938313
0.4995483679377001
0.5887793485696102
0.7481253517565232
0.37284185999013447
0.7764595632824266
0.7002157164307229
0.6759121435552676
0.7180715057889683
0.7934438050740269
0.60567287958839
0.507260778879365
0.4617521634713674
0.692044296179818
0.6727574126404082
0.8582971045898418
0.6873543632505416
0.5604163732922888
0.7341279999731585
0.5297724180107722
0.4517184322559733
0.5146131158650018
0.40267382849559274
0.3951996777751706
0.13007110134692507
0.7125315755024881
0.6674337786514386
0.5207042871087117
0.5305015285664857
0.2951801556032308
0.7161509274915072
0.1926841389229808
0.7424379035375911
0.6342660229206005
0.5211276169197828
0.5590687709722943
0.44134634014008806
0.7485736917381672
0.7688428193780876
0.5049825731221703
0.45433241135623254
0.3332363648671949
0.7682414907635583
0.6360219734802566
0.812387204533135
0.47905519403918473
0.6105118065431961
0.5921380056286227
0.4101689641531227
0.23446597267871133
0.5405690043067288
0.4811991040321875
0.6310740482115627
0.504494902407579
0.654453752312293
0.7425821306793037
0.794932235549506
0.6279697387917499
0.715494028849969
0.38691850453086674
0.21522491245380537
0.623754076585246
0.05997516597191089
0.818902161982213
0.701984585865332
0.7951948970504903
0.4138025450649711
0.8023846070296872
0.8446410287186027
0.7489540229819518
0.7544059847516144
0.8495574407349786
0.5821439670995823
0.7784527831171333
0.682831215566993
0.29549625145547087
0.7546068818144098
0.7338051622725006
0.024029265112910883
0.5787446945620809
0.6691374807120212
0.8307391804822077
0.6189401908778763
0.5694118624964136
0.5935934130525313
0.7631134367975881
0.6044495535369774
0.6145600170616099
0.5241661181121958
0.38223814423286867
0.5701932792393849
0.4391785303789087
0.6406210752983168
0.052221808696794096
0.5658530828429873
0.81443115476244
0.2658791310067019
0.5310644890088534
0.45387125173593784
0.723026573626271
0.6162397617914345
0.600494340401601
0.3793921226162731
0.6757061803381557
0.8146638289825014
0.7765450935587203
0.7350023756936166
0.789888972915399
0.2732802408671743
0.5634642822528201
0.6654561913310157
0.233166774458156
0.6076631983689667
0.9116013091846282
0.4691831206732087
0.6439862220972639
0.5921127648304138
0.4981639208667217
0.25233466529444487
0.6061814005285836
0.8491584173516205
0.6372112314142614
0.8117069355578796
0.5248737022623097
0.5078775508664501
0.6480486862649844
0.7916228898412386
0.7195048299110514
0.8110274501194622
0.5441266573975008
0.6610538107773996
0.16571381664671572
0.3532661281753203
0.5374005333543935
0.7389389563353935
0.7011281988866315
0.43551163273670573
0.8959353845142867
0.6088819403356088
0.590272511234862
0.6367304181962671
0.7548979143838414
0.7551178447651951
0.7984159639348167
0.4939603070872273
0.6777428808843305
0.4694861038942981
0.7018332997061464
0.6224370742470792
0.5903953042626158
0.3473939485703257
0.7894294129158316
0.7814336970470905
0.4173644093197125
0.5692469526553263
0.6561589231282737
0.20339331957227944
0.47729545804996254
0.6778693337555186
0.6555673189172339
0.6706554576106462
0.520081479189961
0.691619764961078
0.6023427978962819
0.8306212652271601
0.7963254355877404
0.4664675941205907
0.35478350638747136
0.588057382915038
0.42599234733532176
0.767051237063146
0.33737437218621724
0.4098565720820426
0.48982383450632555
0.7477808055100974
0.40734281454096544
0.6308438522502148
0.3203831025035765
0.6536065113565054
0.7435298402971041
0.4204417935847237
0.6619626848493088
0.2663577043186449
0.6949839004246546
0.8052542889195983
0.028888767672862574
0.784051311737432
0.4831907363397565
0.5554492762951514
0.7238364892759356
0.5767639318446038
0.6325232412982894
0.2952305095112927
0.8564445639662104
0.5400340837522569
0.7543054289239034
0.7693724199105593
0.6421867477855507
0.7865083905336299
0.7925290390004336
0.30395100744269843
0.7223891829897859
0.8492260637682877
0.6014385599443209
0.764937572686607
0.40526390979354543
0.7823097385572947
0.7144550479895289
0.8351007296497382
0.6799353423552723
0.41538729641308286
0.6733246336252058
0.7471387335797657
0.6690088074314033
0.9296829784377303
0.7151564617647708
0.6766500596385582
0.6280263526437263
0.37221262477668327
0.6289967344651559
0.20193549297463267
0.7993834165642109
0.8198831010916633
0.7104152302058486
0.8037304582971851
0.5136438246994407
0.6936755550924473
0.635297794401989
0.7787514868628951
0.5337302942910997
0.81166502513887
0.6421042973336628
0.6860571039423737
0.7961460698235964
0.7011527863354096
0.6145752140688387
0.6590662913966376
0.8478152323116994
0.7076045884145906
0.36752403959179114
0.28970984863330335
0.15357567752574228
0.5798553244102108
0.7569485717143298
0.6812036183783899
0.6131110371255301
0.6721094988691598
0.8183558673166571
0.0881058560385074
0.6864836254912539
0.8052299532212671
0.7531710633546495
0.5013048052087891
0.6695707465568402
0.7857865431705531
0.7391552504710843
0.6670601403730465
0.876558683044261
0.6220366602697273
0.7686369060244561
0.6034877487547973
0.6589529815442458
0.5721089244887043
0.24065130340890087
0.6350391532413956
0.5199538719771599
0.5505852533284954
0.6114354861746031
0.8262661604080547
0.5754908485269519
0.5171818417425216
0.6202359457740679
0.5735948251508646
0.813394309281647
0.45891198525683735
0.5113837700629047
0.60434905884853
0.7342463671354817
0.7215667000344242
0.49002018251392737
0.5784789497830497
0.5343423331795928
0.5972612741297394
0.6664488849634393
0.36572246561133837
0.4653799271977692
0.025718144628319728
0.7804942197309861
0.28597045725024234
0.42987392387717804
0.7728800148457213
0.605806817657937
0.6936112969586983
0.4951224926828596
0.5078875619962291
0.46866058899862684
0.4481063985784397
0.4689864853418009
0.7715271027358828
0.7777601514397865
0.6914120850038856
0.5940175034340038
0.6236950093884174
0.7655315332976078
0.44420352169489646
0.6019064378775715
0.5465111608057402
0.44305540156942846
0.5867212327520062
0.5005480581744769
0.7676240593600131
0.5935961040969259
0.5475903033016164
0.45166793607984396
0.5423093535237269
0.3280571354241054
0.5704643795527795
0.6315788715898913
0.8202155847362022
0.2622528152112577
0.22631224915844575
0.5531726663012062
0.7665968130319767
0.6979904175343293
0.6562031881766918
0.3802361998628377
0.5042746003682417
0.6179687602249703
0.7602016369240839
0.7465390309718823
0.5969516294576139
0.07281450711617457
0.588244220406076
0.7200832730888871
0.6327482981643572
0.729251691065243
0.11590524357495573
0.7611346061357063
0.5404513882561196
0.7650912317386926
0.4691804141949168
0.7536259747999453
0.8744410643624431
0.34902360797903315
0.3587314497115091
0.5924005511767149
0.509911954040524
0.25711913587185026
0.5175054917527518
0.06162116291674983
0.816336665458782
0.7342891152165599
0.6881801182038709
0.608686807456468
0.5263218858162568
0.26157296821752596
0.7023567531183503
0.6403241576481007
0.7224275682560213
0.10440145329783751
0.4739300024410247
0.8618322155212932
0.7326706880411058
0.7643710702726334
0.3561051185765391
0.592988867252491
0.5870196109998618
0.5710826946792684
0.7628450739531409
0.4743435935943418
0.564615699858885
0.24241325369249622
0.4978234864092628
0.2690426819380891
0.7862737024301565
0.7617414165895806
0.7168235609863914
0.5077837199598748
0.29283568920648073
0.858680543838197
0.6597939078596868
0.3165416904271282
0.6534267546396815
0.44192556557045237
0.46365721373441754
0.457884687472771
0.8696731106438077
0.8546160706874613
0.7617301550974398
0.7558790609492599
0.8484535778541187
0.547541865970492
0.817616163804592
0.7111696112126886
0.62533172637938
0.32533159799212247
0.5619282670662055
0.6148265193190443
0.8211965220445159
0.7540323844497003
0.5479433141357802
0.6468461735640625
0.4493408971859682
0.4632664573632436
0.574976586940386
0.1862606164249904
0.5268564192140073
0.6630635301038406
0.5390254459921741
0.4933357069297228
0.6504617453506263
0.8728208615848487
0.5646252033756768
0.4495321248658718
0.7376718116113425
0.7838573387347402
0.4761767672819932
0.65406707645111
0.7397388460441585
0.5333310822261471
0.6427530533239992
0.7538417498154505
0.012756435193501689
0.8281750764510168
0.6732333747602149
0.6195709991710013
0.6142235211265501
0.8131297371466668
0.8485767553863797
0.4905326172092021
0.6067433199473832
0.48742612769970656
0.5993245778786326
0.1367966642910421
0.45767293167874534
0.5505547908985767
0.7858887090094205
0.7897901750120023
0.2835326603030378
0.5267645105689799
0.2819299310522289
0.42004959159313304
0.41271916990211305
0.39920460847202993
0.6859978299074007
0.8531860951966707
0.5374552499467424
0.7522300716803455
0.674077115652254
0.725381577221483
0.7601681261593111
0.7600365497657064
0.6620615125159248
0.5343041219829293
0.7791038754618538
0.7614336400180405
0.7710257381465498
0.6250343681955752
0.45223224670547424
0.3635612133042818
0.7280453418168414
0.5000605810246069
0.589938721227179
0.6418301930227656
0.7258780545825317
0.7990352532906974
0.7665727842535678
0.6004348553730254
0.5906768896513327
0.41140328582719116
0.6215629845708985
0.8693587336274285
0.6489062078405136
0.6549469232547107
0.8347002202241014
0.47565685510068934
0.7540444175731029
0.4578578422093287
0.4314106861117157
0.39845103608388555
0.7625834610647874
0.49985791295702253
0.7582327065708532
0.7845225077316409
0.7478208447151686
0.612853707079958
0.4976950210871493
0.5649686127684492
0.023494174457632706
0.6348200835609435
0.7099903383031818
0.484418903830067
0.6791745501288189
0.6238315266586879
0.590410750292144
0.667507300581397
0.31708097492252024
0.6841318814247881
0.5503754124457142
0.7966378334993749
0.7281149013474191
0.7410897348589607
0.48468720097133416
0.7620609358734014
0.6205338752361527
0.5578024877824052
0.6549108317292328
0.2799347037540451
0.863456776868928
0.4252015939511433
0.5656921908138876
0.7554690212365797
0.6555121437482223
0.6350691019845414
0.7318150998913526
0.43338728629444323
0.6801671433709535
0.7345184269979866
0.6688872603111724
0.6905509074809776
0.7140426925852953
0.3113781074986247
0.727234412040538
0.6988831768076084
0.7484400491602337
0.4384226730230322
0.6791636876733537
0.3777277635976703
0.6667825431312084
0.5550290377271769
0.6524760096309898
0.4114833740039082
0.6921680558307874
0.4989681081607864
0.6389904035112557
0.4066968482162347
0.37864117957997756
0.5623629882543575
0.6798312414222398
0.4298500525475547
0.5048428295195712
0.7127815838237129
0.6198910485137449
0.7530769123173198
0.6531931060354149
0.692600181230954
0.5884139099394846
0.5826146859442022
0.3266995659511809
0.41711118515562673
0.08527846622621517
0.49970696728619174
0.6686066502599899
0.6888425492071343
0.7833546907691149
0.5180896336831374
0.3217896912522282
0.5222100688336724
0.8778950002497802
0.21220643526258468
0.6073444380950974
0.6857353260388014
0.622883922123742
0.6378869809444422
0.18477854220083678
0.5634319168026316
0.4580742660068406
0.9155278914638494
0.22267009039315902
0.606313454469945
0.6799194607616836
0.49615560974063416
0.7770185642684712
0.7808438668709865
0.8412753860712947
0.0029230809761535137
0.20984980354057714
0.2595856248087409
0.7115660951948581
0.33758875201428007
0.6627000251747621
0.46873750015377913
0.7168938436897793
0.6670258259311161
0.6956022288760889
0.4411096367183676
0.1327510102922696
0.6096140415665475
0.5665403910875781
0.5988881607161431
0.43510182031107136
0.6509763182010962
0.7573434290574895
0.8900426077429765
0.31160586689891834
0.3704937597021817
0.5906246428300128
0.5953002444498241
0.5630200377369687
0.6681482423753801
0.2128479745349535
0.9116879842260963
0.23341924153942048
0.6519279893550948
0.5284182606496671
0.6161156795236338
0.57035585275244
0.5206906205311895
0.6815519380919677
0.8102557789679986
0.8323346539153301
0.5488610988528019
0.7753685483815479
0.4913671500399628
0.4941146048761135
0.40870006254106683
0.591761254907023
0.6954066044012568
0.3980564955455649
0.6273406269954406
0.4758450383085482
0.5627699243054858
0.4834652732825368
0.47364204631500745
0.6425956366436077
0.3646363514482213
0.4304265678590602
0.5680090073194254
0.6205335936699995
0.6731998918700476
0.8073525097793254
0.7493539842110021
0.7947030610901265
0.37081289016946234
0.10716434360781044
0.7197172685958312
0.8145809815759849
0.6937848582045949
0.5484962958665179
0.6262756484483207
0.14637579356397856
0.16758850914843712
0.41399270139966626
0.21231948705906886
0.4389014734323924
0.7552975358710655
0.44776004421949706
0.2587205325579177
0.8716032102303837
0.4609563847923944
0.680946267033304
0.735664583382005
0.6077191511835894
0.3574038652049509
0.6017385418250646
0.3306198448143867
0.577174759458742
0.31475496336966263
0.39602753776474847
0.7666689909135974
0.19317385506955573
0.5366214508549091
0.631123783968592
0.6637309028979531
0.4118019490990866
0.5772303828716432
0.7878017449247284
0.3795444446776661
0.8203845572323026
0.8648326574035636
0.8816199667842624
0.7124114680639201
0.894996404456208
0.8162912348507639
0.7942674071064126
0.7228529884785454
0.7483561630703726
0.8100972703623204
0.5986715212700248
0.41125533946482346
0.6772309435781754
0.7332493755318077
0.3938660791908346
0.440194844989782
0.8087802275119399
0.6764305096822697
0.5705031444219645
0.2929441176711998
0.45723450020838813
0.05112930706454418
0.4404261667366131
0.593363724841706
0.6740685346094627
0.7650713012280792
0.6467371525517506
0.5073765102092135
0.5287172602984505
0.4421884058808175
0.6165585125544233
0.598666074619808
0.5575631351999405
0.7291025842716518
0.7582707752084554
0.7677315708672434
0.6665166286716218
0.6751932057167789
0.7115576393349157
0.7536746088963705
0.7537069311465755
0.609291622035202
0.5637658468018628
0.6108055333704994
0.5411611295968675
0.7910359327239558
0.6193784246155959
0.8144909773807816
0.6955416342309433
0.6535033794774543
0.6694664619413905
0.5226892659913541
0.6394683755548213
0.30807825395618976
0.5598252265380091
0.48098798051098646
0.5715110654891662
0.742608642687033
0.48042144573157264
0.6670471387684429
0.7412820675257707
0.30566836586012713
0.6752485304798942
0.7018665731476874
0.7036271213973204
0.6887095680619706
0.7374947187367927
0.45071155573283
0.5750289730718456
0.5819308016030518
0.47071269098609425
0.7026698582421215
0.7343667624525244
0.6989341453497728
0.15000442655158963
0.7580113998709693
0.0968303623930197
0.46054804859453363
0.5750836105658628
0.427392213814951
0.6128580705842975
0.5887811220261142
0.7673960000828148
0.6755352311761945
0.8454736459186085
0.5257374531850728
0.5494410804403717
0.552724708127589
0.5656846627418128
0.09653063261898823
0.7541169321446585
0.8293985365616527
0.7651527585340911
0.8002149355799276
0.26727644529871997
0.30963838230600427
0.5073510766676544
0.6765085492351974
0.6332772189395933
0.6358913130504611
0.5090807932294971
0.7610097464049984
0.5753830346235772
0.006260594926598748
0.50155282445884
0.5391474407516982
0.3489017650848594
0.7912192342131574
0.8242789146627998
0.8614343625827211
0.552424054556654
0.21909895490393844
0.665488743339408
0.31898696750872924
0.534407516804712
0.5373773368380643
0.5605254315230692
0.7592552404470416
0.49147316217057097
0.7823593756839518
0.636841425433409
0.6714420899663706
0.44319881014795964
0.36473076849920716
0.6734525073048767
0.810696744507647
0.3573154320381577
0.5973622087816092
0.569990393637751
0.594936562983988
0.6422733350939738
0.6669595698351617
0.8513221711582107
0.5522162395393743
0.4808839753056148
0.6415899011039989
0.3660936381066041
0.7976504976269974
0.6757948308948849
0.2638011702276915
0.5754194965900598
0.8186195325707099
0.48389741775946243
0.5949649303939206
0.5507579141860716
0.47710730716695277
0.5551254691583044
0.7485244633932339
0.5435718762421794
0.47998227581452674
0.741852417107346
0.6074586176788515
0.2810116405820784
0.6704330948448572
0.8550292172870118
0.5644207539669566
0.8691279458557647
0.6802432515624823
0.682895869896486
0.8160058537233582
0.694530088044033
0.49457178774362476
0.47882619302319934
0.7460680071936397
0.6921626235983374
0.4149019847345335
0.6467643801553672
0.7414871477903757
0.6537619443759188
0.8031058389662066
0.7343227448602924
0.5337490214930862
0.7537509536569434
0.6108659262153415
0.8165392626370414
0.6756341557149709
0.553265433214822
0.062202583671906155
0.8546127525087225
0.7686516530811002
0.627023842101976
0.6560746719856853
0.8540079073351112
0.5785216655514581
0.5588362611853082
0.5500089621089737
0.6929631823264034
0.6636105571443538
0.31855585567819733
0.7564010797158793
0.5251873297679509
0.3755903395518146
0.7628986188358357
0.45393502865225066
0.7853248219811433
0.5956625304477949
0.8756073723309667
0.8009864310031017
0.3908141634719454
0.7079122035809579
0.8023270898877506
0.8166276745605252
0.6901499058138696
0.7205602849816273
0.568587537029552
0.8158861780128199
0.5464437372526484
0.569185539557378
0.28538911411602486
0.7348549284371159
0.855360772200386
0.8945142575319821
0.6622963169988312
0.5459766472584225
0.7210208588348995
0.4056807231034778
0.25843361624216626
0.7381080211355628
0.46336655201052274
0.3372890982335435
0.806894657913054
0.7799390337010524
0.7527353068281089
0.36160265562621835
0.7604806300061263
0.6768002230177738
0.557370052159519
0.44349745786647815
0.49326188578447033
0.33628658305798675
0.7576171578585774
0.6266493137694616
0.6686091907933964
0.4620890172902766
0.6270675632361588
0.5278549190085616
0.6494868715535492
0.6110584657670171
0.14944156843750053
0.6422442171758243
0.4942179991334075
0.5335842907111529
0.7140542527987299
0.011842133355835923
0.616103159638326
0.5308089610214707
0.3004950770415612
0.49262275144811185
0.6127809311726706
0.2656303809527839
0.8396852870787822
0.4712657905318669
0.7626418781575316
0.6996655537136263
0.6840814785639601
0.5757376778648429
0.6016423921213726
0.592127210461604
0.714210039711638
0.3078234784068125
0.6702678896320233
0.5360162072338862
0.6700874856968024
0.8108098965563402
0.7386330747396832
0.5450293053666978
0.7374811272848181
0.7543888247367142
0.515264348062229
0.46483436511367776
0.5204021123139972
0.2555642856828892
0.7242350245018279
0.46198128289562906
0.2854291737276839
0.22955663477049862
0.6419181207100921
0.8159434318266452
0.5827720559924466
0.4544984351710295
0.5718262468905825
0.5805680698632234
0.46934988248641135
0.5586593265038601
0.5380904332496819
0.44862125244702494
0.49142225998551664
0.46172019708337364
0.3253146751742598
0.7756594744496473
0.6153353404276866
0.7072971236524324
0.7429790733933606
0.73976859560748
0.7949808029624365
0.0458527782586318
0.46277170566527204
0.5872658975604239
0.3559361128514743
0.7770670349321321
0.6460876194362248
0.8464586524567801
0.5042655080777033
0.04960277036355604
0.3957898973621442
0.5899424232337493
0.5531937059261001
0.824623907841569
0.315221445459935
0.8164426885426861
0.8159366622098366
0.7546673279952675
0.7682264766112065
0.49920236124986644
0.47220710082644063
0.7362907224630472
0.6281390330514014
0.6934061831410643
0.7320449009652924
0.5716446983587609
0.6456821068294107
0.4865301740357269
0.4990664769068909
0.7877755877684688
0.57706817017482
0.7737847602015507
0.5084700002633815
0.36138007331606425
0.42803460209944816
0.6944133551534305
0.6557659606593057
0.7328398429812307
0.4293547987703743
0.7223334237706974
0.7050499810809124
0.5469884532493343
0.7437074996937367
0.4556617128536146
0.3922427776862245
0.6018066014857442
0.39100867064144756
0.39002768679841543
0.6786245488395568
0.3358368324215158
0.7934299358874882
0.9147817558368468
0.3356106003134996
0.5778018631359134
0.4867271257873539
0.5155004274809966
0.508042886627534
0.3170699150006792
0.5701837078905607
0.7623904607421685
0.6562981093525142
0.7581523966120642
0.8157688451311689
0.673390056809497
0.5990184676785066
0.7769379603403515
0.5985410859074981
0.8139518829817
0.4161928869736079
0.7526550420987217
0.8227540580830511
0.8705105168660525
0.4310269483175385
0.6546117876164339
0.5650693527534796
0.4284684884548947
0.7087156605795265
0.6655486490519428
0.8039427478689228
0.39056450595555214
0.3767964383736783
0.45872428421825506
0.5967939223955269
0.4525264975436675
0.5464936831326196
0.6669295467159193
0.6491435980328061
0.6301417795539425
0.32075363527782735
0.7868404159427246
0.5690630545485568
0.7436170478829588
0.7648719835105131
0.812519029440893
0.2823114106340251
0.7565244474263131
0.5338765927551642
0.7621397675553477
0.778739063400392
0.5577646720716122
0.4317621624074744
0.6812359242828647
0.7004119446588724
0.709658239371587
0.15820635341405553
0.25265189664743204
0.8118459907863819
0.5788824631515213
0.754180693683974
0.3599503565741339
0.6482594584024548
0.6801869326877701
0.7266483377263717
0.7401323374858201
0.4273696509858187
0.7129092236167196
0.37958816117090693
0.4252361857238544
0.47914420530415663
0.4455086996795887
0.6286403922164593
0.7591621272113049
0.6360455091831504
0.6367928762302989
0.6837164859516588
0.5731190443274256
0.8068985608223811
0.7240305718520439
0.6836704752170775
0.5114388146251002
0.6555642350446366
0.7772867089497647
0.43288465016306155
0.6270342992517289
0.754366511629217
0.7094020192416982
0.7282880274048956
0.6275291431926112
0.6082495994837145
0.48197746395552465
0.5654637707280119
0.25234015611557964
0.7159110069412146
0.5323314654381772
0.7780526840936862
0.5427739732078896
0.8366084943620131
0.615653513097839
0.6641907243149006
0.5864808077234676
0.8363803159367219
0.3686490641531063
0.5580531339666025
0.8095509563621385
0.44642724038137926
0.7579410172908246
0.5775701028401433
0.3748062041615582
0.6856834241088673
0.6631603440327152
0.7881669477184877
0.5788459735178131
0.7253425223584578
0.8627217708434387
0.1709382627078918
0.8183499986925589
0.7087999899773778
0.5846793174082489
0.6459263730231387
0.6244733261345929
0.2502640791122905
0.6983288859296052
0.6954419271310318
0.41952599197972545
0.5598900514807568
0.6582275906058213
0.3701821659302798
0.285669130561374
0.5027483625186014
0.4626065670582384
0.5913786603253768
0.3033885461277829
0.7061520138928792
0.6386677332388762
0.6387049307987014
0.5902685781627137
0.5408362229480647
0.39760829950445487
0.6315591795156931
0.7966415805768972
0.6957700931812217
0.2367945199364703
0.5466940435561826
0.30978369668918665
0.716510389367381
0.48807353653294616
0.6686250121585353
0.16742516945562821
0.11036252905038907
0.5009076562832726
0.4807568777760972
0.8315621006847372
0.46442807211649084
0.7503799998949403
0.7512312062706299
0.6630476184239564
0.7257438383046034
0.6041483126516435
0.5263548524808387
0.7682329462739169
0.8835666990401335
0.4213098890588835
0.8784683120996132
0.35804559737588554
0.8952787232700774
0.5893476677302198
0.4484353777358094
0.6153730071509957
0.574579967059888
0.5028529349326432
0.48542687669942874
0.567877998849102
0.4524086357691085
0.30561444495870477
0.594483167101724
0.23241783482549036
0.4348437421208494
0.4075224937654998
0.6064112946706045
0.8221627310803742
0.6432323299649103
0.6256346177725653
0.8548959868926788
0.6149608151948748
0.5699853798174003
0.6448367427360711
0.433679696231412
0.22743845080046776
0.6763295316250356
0.5809811954534038
0.7310631237324582
0.5624967956289642
0.9246232110566993
0.8317142909164857
0.166777105138373
0.503576789943881
0.2370455078548738
0.2994777252926358
0.7415094414229323
0.2585815571578787
0.5506218078250924
0.37389209555401437
0.3623700406995677
0.8802277713474383
0.5308861136022682
0.606703462654295
0.7658992102564801
0.271821692204556
0.46103859172080675
0.5211740925940576
0.5542281146930186
0.45986734846001187
0.7633945470282337
0.23768126362028713
0.7066885541591744
0.6987656244102111
0.5548642491345052
0.8186899353941789
0.5196564565338038
0.65897725239549
0.17368969140727347
0.7842370233103048
0.5579619459673849
0.6649081428892462
0.2256654920349513
0.8357842620400968
0.4720737743830417
0.3949060343110543
0.7276792801743918
0.4916237435428154
0.24609069509080445
0.3143366353891474
0.5860595360378038
0.7033335062972269
0.6177166821684131
0.45008496735112213
0.7391779331971781
0.7497072640785963
0.24930221530199384
0.4957123254514173
0.7872334661197248
0.16905236707618154
0.6258696936280925
0.5423739555954945
0.14152728723111052
0.7355412235400022
0.5558116218698007
0.6747887076953004
0.5798645975225521
0.8453988595690638
0.4570483729298281
0.69349151245713
0.8171192524395057
0.7079282325655388
0.47045143582650706
0.5455815491238811
0.7343345293042318
0.7367846623020892
0.7150809743855066
0.7345821298884233
0.6248507573947182
0.06271528142789162
0.11250873241884965
0.6119040288476898
0.8319109914563189
0.735298782860216
0.7626324534000762
0.906450676389368
0.3743148561011032
0.2704217318113713
0.6441628628270952
0.343304070386146
0.7047374763501023
0.8144903309361412
0.9215673377041201
0.8526277295788436
0.4013128488687821
0.6674606989169014
0.7373663146462719
0.9057495861419879
0.7797961038545616
0.4018581214670473
0.6085421407362711
0.44931840412333524
0.7667332266562736
0.7590626064760229
0.7391661474446707
0.643000081398123
0.5848481529759585
0.5056719517922939
0.2705139368717217
0.005999420698768915
0.542638558372034
0.5908216202165599
0.35362895881223444
0.6203528008634931
0.5762188099702772
0.6358221127632472
0.48201136838633873
0.26917589768319394
0.754522056834564
0.6262972007888246
0.6081292496112822
0.6324716394407641
0.6314674191289252
0.6515742082032965
0.8629261856052763
0.707997228371891
0.5794374720453784
0.6843055582499716
0.8592446181587865
0.5807081568539196
0.7721579861862334
0.41417991724147785
0.372709108961624
0.43296870762216827
0.4231877396500356
0.6069301591404049
0.5900196406359676
0.6866448084332992
0.7053448747437184
0.5860337494887562
0.5681396542445811
0.5883804223396241
0.7713896344866588
0.7342467326094729
0.4885713755036732
0.6844879507160975
0.5522318376528629
0.5793131775188842
0.7995798644679284
0.5439703497314863
0.3222064466634221
0.7308587524583022
0.749174182479073
0.6744524875673656
0.5521853477468093
0.36950144978990296
0.659814735269219
0.6660203492488259
0.5847814859569123
0.7042237449181249
0.4235816536007691
0.33461040090250144
0.5996057567931186
0.7873151806781906
0.6645736531397642
0.6634728575274889
0.4522772369703724
0.5641501824160513
0.3406074250198255
0.7690785426769172
0.5938750865212732
0.5758265611182415
0.675555236034719
0.47973141010582854
0.5245130463537082
0.36299091652827264
0.6874007948043982
0.5611812654833117
0.5078995253274625
0.3719833640655489
0.6805425657544156
0.34449823416867015
0.27392075311259795
0.5563042642286904
0.7301623400299511
0.7392029566328684
0.6297137976957338
0.6985448680400285
0.8341544818717911
0.8662167404002158
0.7828730572885915
0.6244493836576236
0.2862877905141928
0.39202004058551243
0.8505398175094194
0.633042778029158
0.5156688078027905
0.31054681734669465
0.7305276688594112
0.7582176722219056
0.5273463138888981
0.4516765808621859
0.45713832585481295
0.5717770990118769
0.7401143732669966
0.7164641918679282
0.6744648279346912
0.4835868514214924
0.0435412596438083
0.35597545140608616
0.5280397263005153
0.8550290348315707
0.6796639635462138
0.5659744202461667
0.6570245251031026
0.872181876096871
0.7881250503651386
0.7279337930060882
0.7415830840284153
0.3476426730361923
0.5943124219035473
0.47262578467962696
0.8013325711110879
0.7277388288247869
0.5886840682678464
0.8425570081449357
0.7453553411361987
0.5978325946734401
0.8427578763658048
0.6051358219023661
0.6873490570541836
0.527105923919519
0.7604115718945387
0.5917472667408802
0.5447169281093869
0.48771727398163406
0.7733592672733813
0.5574810886178674
0.5840583653499436
0.7034028220398543
0.7335000714100361
0.6740194269577215
0.7087523026950826
0.6465884522121896
0.3117512181358911
0.5914807586602294
0.2122609170115866
0.6582311513323054
0.4428361878392501
0.7363099134974755
0.7585908898599011
0.8009273356974999
0.3696377857535832
0.17644545911905293
0.4212683435979205
0.4694641395447322
0.6396144310888026
0.8702654122854405
0.49991693410617793
0.4916160006691072
0.746270766924244
0.5774995605347445
0.7994079260705854
0.3357643778604146
0.5037130841056994
0.7635958214695616
0.6216294493897002
0.6176413676820834
0.4237848550463473
0.7910455469204275
0.6628278424581151
0.8032313051400176
0.5769251315073843
0.6969746793571919
0.5768472818118382
0.577072231601062
0.5857838062420349
0.6974671015226998
0.6284182859018241
0.8146654753894416
0.6826235049362431
0.7367897795077544
0.7280026064021521
0.6509495609352964
0.6720645792195372
0.009788214120267463
0.4007965530755631
0.408208350324774
0.6285177232000774
0.8313211717254297
0.26100345437380673
0.6521339453294556
0.5520580315892317
0.5174053331777977
0.7104910523382378
0.6567993033932433
0.5178341803570206
0.5141455097329198
0.7793129171870531
0.33992775423560934
0.586020302108662
0.43910002488415173
0.7536930586224625
0.5566119385618026
0.5149173612143725
0.7548813826398963
0.7043724199754164
0.9500847084890564
0.7267516792806145
0.6341384377173299
0.6713720216521418
0.6713453340233245
0.6391258109640421
0.22197210221122388
0.7324982765121043
0.5389768845060826
0.6168331694513282
0.5227972873473754
0.407388730598872
0.6627782007337932
0.5941629943891779
0.8464372918105181
0.5316411964127837
0.6756986298927139
0.5469238604627188
0.11502746896018265
0.8422280536676618
0.5203654164167131
0.5046473121957935
0.4064201670432438
0.4792765622413589
0.6528913723546275
0.5346500662259035
0.6663437200076034
0.7208278969214373
0.8862329277981548
0.4841363005640467
0.6629245532229194
0.5305215716935857
0.614513407249265
0.3183508006290228
0.8286278545946424
0.8091116883937299
0.6761808377738571
0.5233894714701368
0.6421680982027282
0.5927736547990249
0.6280868619978807
0.44626211145936484
0.5867271079234073
0.7195454264287454
0.7218042494614527
0.7278041123936824
0.7301289816604147
0.7325732439989902
0.35349105685738597
0.606345708708025
0.7894790282989529
0.8488077078291641
0.648006676570566
0.8696307487376409
0.7203187863176189
0.5412249240895403
0.6031969965275537
0.47616310138938633
0.8095757544408676
0.5696264723731664
0.6879349902104596
0.8045743637744179
0.4267570528089374
0.7642464201675216
0.17374851088529322
0.5560259658873566
0.9342642374898363
0.7042344444142753
0.2264742486726036
0.7377258212896438
0.6185723727737269
0.6836879806674578
0.5640910245317575
0.8882379209797128
0.571153214959988
0.7185561512155083
0.3412877178217407
0.8578446260868431
0.23913490519829836
0.3790436895373081
0.048675016243059886
0.20999084482127625
0.5854802981295102
0.6565841010647449
0.5010779469713642
0.6185136614386622
0.7974766721079202
0.6920930348470229
0.622042084951977
0.4806198456176082
0.29184336516509035
0.7733133447794095
0.6558013968624671
0.656593064397159
0.5506597960291041
0.5002040709030501
0.5574367152729743
0.6115949590152436
0.5947421706859214
0.6603620017651495
0.7114540750729154
0.5200482177560933
0.5507851762435926
0.8009977737763679
0.8716993846966733
0.4824677560705111
0.53461732539119
0.4282470310427443
0.4087099322340816
0.7589862508054005
0.5873232761296581
0.7449277117770701
0.5329527076471459
0.6178781652001037
0.749008288990635
0.3582209690658867
0.6580038822019558
0.43417773759593586
0.7177815249133107
0.07492839851361237
0.7889177392569023
0.5075401910606293
0.7501367936421406
0.40292255011407074
0.8897126206834894
0.6935064213330088
0.5789314695347275
0.5838423796693063
0.6236180763115515
0.5149869180338605
0.5587469734776039
0.8064958552767393
0.7935798379994103
0.8097471030863147
0.6039570682607057
0.6459059234818779
0.43238815152983073
0.45234383875934525
0.865433356276714
0.3377463713880808
0.6945956237664543
0.6800033071501492
0.4897254523557104
0.7487904608646354
0.6377979738921501
0.12195054053384924
0.5588709266953884
0.8733838906446512
0.7139325323482458
0.7930421144514959
0.8083136151376046
0.5795855488654102
0.548110574733511
0.660967183346193
0.1582471069094694
0.6818837719567568
0.7183542313592098
0.5411446115635146
0.26484830401139126
0.5850993716924958
0.4864758692736402
0.645014385384787
0.7243070776850721
0.484143529708139
0.5676175319766026
0.8106032253810131
0.5806516097578474
0.7946049238574168
0.8131335869011872
0.46081706860745253
0.6344272576698984
0.378258234668628
0.8011348358845088
0.6312004918192526
0.6636183344264869
0.5001036096262075
0.6025410138623326
0.8098277843601053
0.628504500772172
0.5850323884343991
0.4540375375854077
0.5678835405963625
0.5755075819137148
0.8836381386232317
0.6420306126942702
0.06233383695960605
0.5242646017439548
0.44985104549153493
0.21448132268137704
0.7814796210977737
0.13947510420304216
0.4530096275080508
0.6000878455662473
0.5813338964236993
0.6594742581481948
0.7348820135064978
0.5940610929843426
0.5229668813683731
0.42483779942382865
0.615874895744835
0.7469337889762563
0.41864277548501805
0.5008320766313986
0.6074646633607151
0.417077968437837
0.6589462347688607
0.3250933497161514
0.7981680591000787
0.7396606166707982
0.6451746257643058
0.623953198158018
0.7015851651810525
0.33026430771281223
0.5123790311191794
0.8527031137954283
0.437962119420858
0.7100258188630859
0.6903060061106494
0.7167944576887144
0.6637219343942529
0.847726525395786
0.38438650574692146
0.6321941418534353
0.40801022161443135
0.8166185511344816
0.5879456252052855
0.6325365435743331
0.860463351877958
0.47173872904014214
0.7873476636223524
0.4803854325955195
0.4157833265776936
0.5665222247492544
0.6950578449086784
0.7350301793024643
0.5915692339402137
0.41130569966432995
0.5317642213078804
0.8303711340838134
0.2636365926271707
0.706111759621228
0.7155304345433637
0.7301937460020748
0.6558413148336723
0.8619640828631664
0.4937325424915673
0.6255616682122213
0.49807506174208493
0.6717344910905043
0.8445118008670264
0.45553345572414256
0.26723113534164555
0.3902742624130793
0.5883005396710423
0.6272867554255014
0.3767204934806054
0.6410304531784693
0.5255028039961718
0.7025272120932671
0.594294637599953
0.8232554045880744
0.6932640941546521
0.48849856189498214
0.3558951718744534
0.5296840709668285
0.35959702375000324
0.6721982707666653
0.6293153046575113
0.5464454888887615
0.5531875042237592
0.7148025639293405
0.5218593884192202
0.5320822254618064
0.6915870999420258
0.757224725456569
0.3150059109953899
0.7991469849198662
0.6196628493502545
0.7553383762478871
0.4499400342541211
0.5640939979422618
0.6881550254580213
0.6640525962991971
0.6074041268396321
0.7722870176380753
0.7164431590477485
0.6862798618991389
0.719576909307943
0.5459375856925673
0.4125069930194809
0.2794325518053141
0.7134346465864747
0.46801598762566626
0.6942982757982135
0.5787518319889028
0.6304905173059225
0.8829050151629119
0.7003358233556687
0.47218716958009516
0.45947160196976145
0.6402899029388903
0.2494816911178686
0.6487445252165178
0.6699925526019487
0.7735567284063715
0.5602270403858791
0.7131077351623167
0.9277204412080386
0.3976267099666868
0.38316580631771785
0.5493812048389164
0.5276961590400377
0.47531880854059855
0.7446685727854334
0.6280914431984492
0.6682133748783596
0.6310985816268525
0.11183404373404757
0.7425692510771295
0.8052073424239116
0.7285632631902148
0.6779758547205544
0.5837851546103875
0.5198050168055847
0.4048674525423455
0.6398969227574074
0.737241129792292
0.5553811024071795
0.46637063979982973
0.44687685377729247
0.6673618938160492
0.15099212232286058
0.6308755733393889
0.6722819122446836
0.48328964788630974
0.772138405708035
0.5867111951224133
0.43610299931915275
0.5549786433270042
0.7677910070980669
0.9544224459872689
0.49554179709259444
0.6055415827523086
0.764333427189244
0.4916708994164821
0.7223768362654882
0.7419296815233299
0.6771545817548176
0.4969339833534897
0.4862513613769989
0.3669333104271178
0.2136135435425366
0.7090556935629857
0.5928881350459543
0.13632507788268194
0.7585740463940166
0.5915896636601506
0.6956634793147994
0.7827669821875077
0.6593787541715745
0.6235558012939414
0.5293717461325164
0.4480650848343916
0.6868499752156088
0.7216313939706344
0.6320488153329699
0.8391534266488324
0.5299772555144364
0.5383999274700072
0.8341353758470271
0.566725351274664
0.4774615833628995
0.7146818666274429
0.7465525008086867
0.712321154697815
0.6457556162897404
0.406139748123303
0.78272720549637
0.8140580246993898
0.6199753803608169
0.8435067408152734
0.6539575268184367
0.5761068467558458
0.4777024316392275
0.7451802421593824
0.4906229246054658
0.8449286741446471
0.699675552667557
0.5480199599136937
0.4052996614344151
0.7058787502616676
0.761233450041258
0.6630838808333597
0.5581466465741504
0.7145366581931617
0.38517369463290974
0.8171710857090285
0.6930606268857428
0.7020647528808108
0.6337408480276252
0.8289784619851578
0.36053624404466633
0.4519917849434051
0.5000971686017515
0.6006122950495184
0.5967023018739811
0.6255160444380824
0.5759237857666684
0.7541971378431169
0.6841998003682397
0.7393634917196292
0.7238095231257391
0.8238545557533613
0.7358742208268355
0.7599564067680653
0.562767863566261
0.6155255213351373
0.6887717227541931
0.4273292502072765
0.006525816564263517
0.3005053526544148
0.673544347240482
0.7130972855961655
0.520874800301733
0.4482615922507229
0.8039704475109184
0.6504578818752226
0.8131507177895871
0.25193909856348107
0.606353459004182
0.7933048210005236
0.6992706682178575
0.7629058713395417
0.5291302838370299
0.7168745238964249
0.7433780561907329
0.3440125217877257
0.5217400781294217
0.4769336336182339
0.7000511210506232
0.21793176748002138
0.44358315342446214
0.6822081269658089
0.06387017577056993
0.26305025336566906
0.6264869492742045
0.6907408911561607
0.07353966604181567
0.3967319677944101
0.2634819429869692
0.6276667803343391
0.49886838245344506
0.4457778104155302
0.8063596576199259
0.3588174904201315
0.6945798195027957
0.4203823512226799
0.7196679631492773
0.6367128650345822
0.48786417055346676
0.4408286861568108
0.6233104809322821
0.3710959586367871
0.54330876612957
0.3429680988047035
0.6745306613474193
0.745751961849362
0.3528032032032762
0.4623378848567431
0.5862587832044036
0.8422743713858276
0.4096515406762335
0.5085693149608895
0.7869969128041416
0.44536612697193145
0.571290703706984
0.365601347577786
0.7241346490709519
0.6092298684022506
0.5360485598056031
0.6146399203569503
0.5141855557884627
0.22259900421407963
0.5552880886456292
0.7234286069584227
0.7218373335369174
0.5929947449578026
0.6536894935563742
0.23246187851733235
0.7707164304637648
0.446478355066478
0.4209132087642815
0.6899357596827745
0.5456107827112717
0.8245832284043153
0.5874460738912615
0.5486802902620916
0.7404542395432443
0.6105297915765334
0.35049373624210234
0.270261143287804
0.7147253104285095
0.46371848210675815
0.5300368349978823
0.5118618741819028
0.6253464338708218
0.6497940197847949
0.6093035727622136
0.4727715542589145
0.59745730663784
0.7419089591041945
0.7060660293256913
0.8800201618920181
0.8603254983765772
0.4060607601798902
0.5250136731138559
0.638591647121933
0.5718805333170248
0.41167629067379286
0.6520887417649716
0.47749349734036434
0.5551371537317094
0.48842729710692157
0.6895225854211668
0.45123212079623154
0.1638707503658691
0.7006492000321561
0.6355962704374707
0.6771788427477209
0.6670332972780156
0.6491831220987342
0.6982656712744149
0.6865459895986585
0.7390124371933379
0.8201709118437447
0.5515256504133197
0.1828844037195059
0.6064370498806997
0.8224018153494345
0.6711180586426302
0.7155093248162444
0.566175204706615
0.42241277350235135
0.6685151151818511
0.7122255934282063
0.5858696476090064
0.1304071222896415
0.5955226591759183
0.3528594385216081
0.7007693628760179
0.4945925769257302
0.690520995486875
0.7427547717842274
0.7189103939919962
0.7559679879537613
0.7798129143254271
0.6130534060905127
0.8232342383428316
0.7891330063448815
0.6785060473784281
0.5606338963033509
0.6220769506457564
0.8190414808776292
0.6098399104932054
0.40643162200336025
0.5871238507011353
0.43993879967847765
0.6544490918592474
0.4966482836649046
0.5265660178799634
0.5207803397151692
0.7000430670597081
0.39130190991624453
0.5902856733797307
0.7920284641647817
0.794458587802528
0.5626936355885667
0.3779971508831313
0.4642133430072102
0.7805575195624507
0.5813932187361265
0.6027015362198458
0.8301153237383382
0.2341662479815666
0.8382403701279016
0.7590208972434577
0.7585199276947128
0.23876109225771414
0.7844712180840469
0.6266956493062575
0.7264598897602716
0.4731580121132423
0.6605382169849601
0.2434975388359535
0.4501922147749679
0.4033159260303415
0.6605550951121609
0.7865791771365583
0.4082352173175854
0.52870866745879
0.417111415403496
0.6687552718529005
0.6973771873220619
0.6076930881461683
0.041293891618258326
0.7368218343549662
0.6058314176934231
0.5617432969168196
0.836659117361773
0.629271730307301
0.2866361695751104
0.7421047008521625
0.3066141715983961
0.5010293095714107
0.6922635595781192
0.5436366422008084
0.6365100438535336
0.5252232767581727
0.7895735133066505
0.6350252110447949
0.3397230765386266
0.7463423102363469
0.5366412003760364
0.6784770317120451
0.453582548967459
0.5671642408485217
0.4520185991735309
0.4250945823463165
0.6275110351144861
0.7061272941202832
0.8316989959895816
0.7293742658860642
0.730545368506354
0.1808581193402754
0.782301534854838
0.29067645955700133
0.6325096516087226
0.564609627761918
0.43266045546275944
0.706047849235309
0.6496790976444144
0.6439576357037948
0.6425253675709102
0.3214189239444303
0.7352046848694807
0.4273037234652927
0.4613535160026649
0.09697132929841445
0.6055852158296561
0.406025792182167
0.666329796053825
0.372831250210441
0.39593841580911937
0.7809569928163593
0.2696931268203697
0.605384320552934
0.38701150940033596
0.6500614074906349
0.4109595776380993
0.6488037498916899
0.45059757536954326
0.8198601740485816
0.6454538578832615
0.7504055404685146
0.7086139879612197
0.7527312120745775
0.4417586531822604
0.4624617937366126
0.7370470577667143
0.5889351620524286
0.7159241080012283
0.2845272765121725
0.5804013007244967
0.9136861899667766
0.2757259486860799
0.39079015743200873
0.710964592538344
0.7662692188362877
0.6804276992146011
0.6428069388701979
0.7277597026209095
0.381768698315736
0.7465634272005445
0.6931159503914405
0.6913881564350315
0.5540822447087334
0.7505679541194747
0.7415358722952732
0.20919496358068365
0.4931742017032189
0.4230321426148543
0.6870624139875987
0.2555755830358429
0.5476959615672783
0.30938718331222653
0.35654307385207157
0.07419023131353161
0.5670915387680154
0.7510741620324869
0.6801189262221486
0.7655256505114196
0.21090374200703071
0.6214258319495909
0.5595489931856782
0.487805427929509
0.6766722719162308
0.6771932192248539
0.5674863572591439
0.7295102076290422
0.8250325771457334
0.1716869588761045
0.41153860756166516
0.20282229448534742
0.7155914493815434
0.6378435198329813
0.5368603469761302
0.42003854318055367
0.29115346623269617
0.6971164781303146
0.6957669970238042
0.5933622245614348
0.5010084531691031
0.3294111279337541
0.7236491284452403
0.6696998689314292
0.7834915175815316
0.6639058632363997
0.37860382725742264
0.7734596827159556
0.5418755812871144
0.7871472811330037
0.4799960910859175
0.6323974690063381
0.4685046797563719
0.6875767951343484
0.710686851138081
0.5859755442784732
0.5787164790239306
0.2748456376275186
0.6876476711723734
0.6022167134069814
0.5678706083827383
0.6235023446867511
0.7441224087391474
0.5466239025440547
0.6650023098560438
0.41611366781747783
0.33777200320778505
0.5823062917587413
0.6845257586995029
0.439389971153284
0.7474333765066679
0.354860636081871
0.8888106363348482
0.702990445975606
0.3124420349874578
0.6996706576267915
0.8478210965944727
0.3853082040640237
0.37841857220365216
0.589076211064236
0.5836449510000068
0.5126743420865697
0.6863351646862932
0.6717569389604401
0.5129006261889746
0.44676611067065003
0.4462046447923858
0.773475598831406
0.3426366314051348
0.8717371062760021
0.6195352828662292
0.7537404427581661
0.6190175184501394
0.49234431456904865
0.7486448121625077
0.845058966748141
0.7376770730702931
0.6855084252298853
0.6984827372150342
0.6542919939234897
0.6117890397378002
0.8756843256799853
0.8926732465395116
0.8288801236459269
0.6581683468005763
0.8277769002093368
0.3512675514373215
0.1418512229295968
0.19698400473633962
0.48439503151865393
0.4200299936812909
0.7017067910568989
0.7735551961135269
0.6960579654860759
0.4914296921612936
0.813232315992264
0.717519689883631
0.32060685245527326
0.6730499776343748
0.7340899069223132
0.7076931393902499
0.7988240822528638
0.5319672787097792
0.6805036620438529
0.6404856549261829
0.7323327104003332
0.46009518261978727
0.6101099875424468
0.6183899481886785
0.35102204564945555
0.2153501511561357
0.37119068061228155
0.6485325432040646
0.36754071242881375
0.6652114732379774
0.7803549118672154
0.6996372793308164
0.7244132414129129
0.6564521302084518
0.5714102248399867
0.5471644139865359
0.7394109250850356
0.590041931433472
0.33514396294440213
0.33913621473601163
0.6371488046385307
0.6015268709235153
0.6513481326986953
0.33501762309618033
0.8597412854703095
0.519266969835722
0.6291165795401267
0.4100623587149458
0.48833013792244245
0.1742732290119157
0.5831218538047824
0.5426712968211033
0.5059812529883712
0.6015754222428371
0.6973192073571599
0.8948372432836296
0.6555370727296523
0.450187004324168
0.6917079075790618
0.8614820850296319
0.4945410643899896
0.7753818928814785
0.8442099936263758
0.043616656682007746
0.5564255216449903
0.4855954546965457
0.27856147167394946
0.4676003988676569
0.4567594155675838
0.6499329331707626
0.735260121966448
0.5088433276596973
0.3945114087616967
0.6845819835292369
0.040678804764892336
0.6785070409775456
0.587022203233012
0.6408192906421212
0.6717462797405979
0.6473552075094168
0.6455701750542443
0.792237686042841
0.8315390501296379
0.6502064730153527
0.5375585480959453
0.3654372190567324
0.6523516789276015
0.3368710255184814
0.16072569704527395
0.7398535079239353
0.6928793553398479
0.7746409040751551
0.45041239876594674
0.7601072522788195
0.7552203742939088
0.7932464341698825
0.7026326330679349
0.5983953973722602
0.5553025785336855
0.5661351520559342
0.2516757283425515
0.6516801188397772
0.6396029876303155
0.7051827443711317
0.7935002362380337
0.5376352200268638
0.8391086477845419
0.4085895828912529
0.36829852047863676
0.7433301421736993
0.6544618208242176
0.2183851922181534
0.6411385160948687
0.5305762904211079
0.6648325214469704
0.5921368776199676
0.6675969598074737
0.735856515147535
0.7577474368058279
0.7092236508064332
0.4140991482154737
0.5759012655270086
0.7315070339790974
0.5158104782395737
0.4961767332643894
0.5949903503593641
0.7357124151231873
0.683234833261989
0.48921134022374185
0.6728318258501853
0.4954752254780764
0.5125343738266939
0.5509855055226792
0.671838079079174
0.75428263587956
0.4439154956423397
0.5516152353275697
0.5593479591858367
0.643567607885652
0.06185268512332665
0.5922417314823356
0.6721718701334568
0.7300102929030096
0.7952712102029246
0.6972351082384118
0.6893543710981798
0.5218543517930457
0.630526746702714
0.6324448379071654
0.7240000918813254
0.08950225825225948
0.3418300879811141
0.6362694816389423
0.7155316728198309
0.8232664891302728
0.6449042269155577
0.419168112595688
0.6109278865939708
0.6520877853898654
0.6251829768009116
0.48515309318549305
0.27143428003548226
0.504504608458382
0.32510126654777777
0.8001574664971522
0.7798809975423622
0.5856909210788065
0.908204167206027
0.6804087574281542
0.4574414247267385
0.7725118119879745
0.36572446037599593
0.5179071081355369
0.5914297194818187
0.5967584835095201
0.6163366667586937
0.32592165534116385
0.6496972719703675
0.6939475887809325
0.5414899121394638
0.3363779565544711
0.5800850163648973
0.7182790655135253
0.7832045128598126
0.748833769776895
0.25230834038512095
0.5235072249758053
0.5082570661371941
0.5634299433858045
0.79942079677367
0.7197892246880525
0.47704547480983
0.6786112687184533
0.44899411283799806
0.45450716066749197
0.7661359247275809
0.699370124625379
0.8190014569754855
0.678603905724807
0.6658308066001958
0.3630917030989912
0.8202481448716232
0.38803105978499663
0.4115450968129906
0.31804025246935946
0.6440497060449158
0.616466070021759
0.7010764282194213
0.22402571706834803
0.10347714932409949
0.4059628116979153
0.6992290700573371
0.5563076772312867
0.7733373402017278
0.38039169921602983
0.8349986728280776
0.6484631229343967
0.6396783829559693
0.562347370644979
0.39582602581753296
0.812263385246211
0.6755036470311082
0.4047413686558884
0.5248944492248617
0.7480537559559147
0.7302232727369472
0.746603146774006
0.7916038384784505
0.006816556699283584
0.6877925465060903
0.1810271348015137
0.7730632403885846
0.8065148414337373
0.5495337179085404
0.7608446979493669
0.5152225005222237
0.5361267899792551
0.7496751633890884
0.5380105233880956
0.4685393844398623
0.47708895858967093
0.7274226716352099
0.8264231540758544
0.6810868396791937
0.3515283219871
0.3494013537641162
0.5696146299204401
0.6742683751060591
0.34178776740321176
0.4026139476123719
0.628206403479809
0.6698632255850568
