Results for 9 qubits, 160 gates with max error = 10.0% over 3000 runs 
0.13352789154050854
0.630973749082863
0.6882393428659087
0.5820901193289716
0.7489515772654763
0.6767678215570676
0.46058560402261256
0.6486005377810906
0.6763864641981595
0.27837996612447946
0.8042867684403866
0.698928746211688
0.5877840849960572
0.7727094971388004
0.6743590068419587
0.6480516681899791
0.40715006689808486
0.6879788168228596
0.4870690216287895
0.6748855646695666
0.6644157092398503
0.4064719481645611
0.8895884133510222
0.6386424228802168
0.46718136856769527
0.7008788324241898
0.6818580180154211
0.727632733126868
0.7528497565563903
0.6249994893056025
0.7328248991422085
0.657614933867213
0.5725760218443757
0.7128436835940948
0.8412677342703067
0.5924504217473476
0.645191288487531
0.28008971073181854
0.3354869654954242
0.7780424135384645
0.5947265094593143
0.6923206204811638
0.7868257293518646
0.8297968481367055
0.7185384626146388
0.7969182444022512
0.5139130199780599
0.745459774219818
0.39686290913493816
0.3791800990952931
0.7955842318441729
0.7510924840252271
0.7276799289502216
0.5701506021814274
0.7524764800909448
0.813312747308777
0.5124755849200374
0.7771349208780901
0.29448601510810984
0.29609359224922327
0.515222311975117
0.7926293096156884
0.7798687856325471
0.6880091309869282
0.6991485745036694
0.6144700681644293
0.5066008425003901
0.353877963986424
0.33953891211234927
0.421404135117905
0.7913805214423509
0.5337630281803276
0.7555864941017914
0.6653119431003571
0.5773217970729786
0.6497927153429126
0.7701010341852956
0.2566769592490591
0.510098644163556
0.7286707652967149
0.5562792376426617
0.7217695653948708
0.6339091155004278
0.6124731996531468
0.7467324774888038
0.7731428975521849
0.6771082020388054
0.4659443663947796
0.48217880704880484
0.3551975301209348
0.663624493609207
0.4733417608496616
0.6680292678076186
0.4987747163856359
0.7721499089678361
0.5848246008582343
0.7551878955464177
0.668219337892178
0.8095378672241526
0.7784499201768206
0.6233948957666838
0.6818710538341745
0.6877006452762945
0.4414183525462701
0.5108582182646337
0.7091385888076506
0.7883955816644542
0.4429458897045536
0.2753751329921206
0.30414363572479686
0.5518481484189314
0.564819488214979
0.6852393211075793
0.6698224463290701
0.5081217210909629
0.6769059864735688
0.686796193084788
0.6767914104339049
0.6558055603765113
0.6691435307780993
0.5358173764658551
0.5553243660939269
0.7881022416212681
0.5342000638551625
0.17485652880639618
0.8258432760675467
0.35053692504035033
0.7162978915979699
0.5976417063215198
0.7938700392642812
0.6751877400633903
0.08778990445153012
0.6495250798742692
0.7371615064105981
0.6945689537859921
0.49308038605546095
0.4980431129747169
0.6791925929849693
0.6673089085787629
0.8409389602153897
0.6450583777988003
0.6273120253097033
0.48895651290382935
0.6470743858664717
0.5580769420909412
0.6447085490780146
0.4497793444847623
0.7190005056208183
0.6379574495147597
0.8574752566614997
0.7956212130729517
0.7433864639293275
0.7617654579727089
0.6542355540352743
0.5642695360466707
0.7190291213022528
0.7863771591930889
0.30887331519517935
0.7308278671020491
0.6417204357473314
0.3844341343337699
0.17430755351341942
0.5108745710329591
0.6626077507422675
0.7043418382472185
0.778400372653726
0.7501994543548102
0.7650094556504278
0.6222718371818022
0.7611733086404433
0.6343777428554312
0.126182509657249
0.5394950689602013
0.05551531416143124
0.7792597079225598
0.7472687346522968
0.6012557133934535
0.6899564231686985
0.6825686901280684
0.6639924087252808
0.5515040803612792
0.7688555478219674
0.7592638067054815
0.6039245235817243
0.39329822485573446
0.735085166787307
0.8640753666671841
0.7012752990298254
0.45024027002534883
0.6707711669179882
0.6579424126753639
0.2728327072572266
0.7247499336063767
0.5440202343893632
0.5165057612495947
0.6513877576939927
0.592693133965181
0.6642551483535752
0.35016733177617926
0.6474996763532516
0.5970902471147885
0.828369971148766
0.7252318562285973
0.6315715660578272
0.37096457295348706
0.6019805178721607
0.7793673650687818
0.668395028765697
0.7567155125981471
0.5494906350893252
0.7970667301945175
0.6527259705223833
0.34495364674677154
0.6880262779602776
0.518175697369898
0.7411476767167662
0.7469822530440894
0.796118709644349
0.7528577989329893
0.7306752210192498
0.4507261150270464
0.7045523463890275
0.5006847749755945
0.6424459952193958
0.37699844726557613
0.6563078543950424
0.7306257898741998
0.7170362032010189
0.6363915557105421
0.411568375084486
0.7080746540293004
0.24258802573586535
0.7704301791654582
0.8183479111759288
0.43767166232447
0.7978282098937317
0.5508706769655849
0.3928591344972901
0.6940226512409523
0.7535469003049242
0.6834048310651437
0.589033855035718
0.6258958757401833
0.6620249714747353
0.3034911654069686
0.5780188558210906
0.558278565239912
0.7555530798167607
0.3449610811243829
0.7120276220255893
0.6032867919985149
0.8696425916108305
0.6390303710997419
0.724162561568055
0.7589738689898192
0.4905826970488372
0.6707466144879434
0.52304132642641
0.7129848223952652
0.6787487373461079
0.46894229706807383
0.2838621475913861
0.7104485526995848
0.600230923260931
0.7668353802858622
0.5602401205318794
0.4069334110230012
0.7930244336919685
0.6630348769222212
0.5244339377392759
0.6821323841398391
0.5696754875244787
0.73670859047551
0.5515311470064717
0.6254420723190431
0.6039356692672961
0.7660956831753912
0.7875229893543461
0.5502938671658688
0.5645278282601154
0.6964695486835929
0.6301706420202633
0.6921916142288936
0.46506893466253935
0.41992947418248633
0.6307538883286942
0.7964986834996701
0.5454438902617433
0.660457173257421
0.33840851158788177
0.6438962944874693
0.5843552102333522
0.4080031120418501
0.6649405084015731
0.7006899957799918
0.7333630608484237
0.6231545232147128
0.36370234762314657
0.15107443171797807
0.7401014718947161
0.3826009727229999
0.7553470339887272
0.6822783952060768
0.8321003775260474
0.6932232204520067
0.6796060875901504
0.7387028062872633
0.7250943015232723
0.639514586898563
0.7303947760075722
0.39666734510069407
0.2579170971589566
0.41455191072167913
0.8132908531747638
0.5558503587289795
0.8479042457068018
0.8104256984190706
0.7597691137651449
0.5929633482206004
0.7042460455811056
0.6328516115667913
0.39830376940630785
0.7383682401012599
0.8576266918946011
0.7834623801828371
0.6897703209982842
0.6939111398369451
0.7844017183201835
0.4278675452115148
0.7871982113293754
0.6236404680382852
0.583986360153569
0.8821078481582679
0.5803715491014731
0.4301666577296224
0.7327000540962734
0.7866363350840004
0.7276435483592465
0.5758129799351097
0.7130599791611988
0.6799706275575798
0.7210543806609778
0.7640777265532703
0.6122857720042854
0.14439225858041307
0.7705379927900071
0.5497228397150042
0.7993252071055639
0.6431770061804326
0.7964998743740151
0.8659372355342866
0.8253052301634141
0.5392669437052506
0.6946748142170345
0.438430213179817
0.6206340608160096
0.6537999553749444
0.6758637670580572
0.7249346964035759
0.7727870452227482
0.5078252616261141
0.6921805002539407
0.6864412366655394
0.6588487657355556
0.014346801769447186
0.5808969647340186
0.5099289989028742
0.6358831121450115
0.03920197278053539
0.6294604511916295
0.7437326990485366
0.6077145789274183
0.4517856184096086
0.5030092328095569
0.632085944043173
0.6262198573210106
0.6918838970955343
0.5164371628814378
0.800426150127791
0.7741146147435336
0.7896326789770799
0.6582101815175841
0.5589660387097434
0.7522321043373805
0.6525642275988915
0.668242713131784
0.44845385098042395
0.77336023076879
0.7991624810736827
0.49718598703458916
0.6181866152524078
0.7438216684111539
0.5892341526555167
0.7694162397839124
0.533530251410876
0.6189002415740836
0.17541251586822418
0.5329942862109349
0.795697479321417
0.7425814980329567
0.45727711764047324
0.623130760618749
0.8106833100490898
0.6276862895224579
0.5866044427091536
0.5808697422342664
0.6570032362579866
0.7901371071423541
0.6248376488308586
0.8021987897115224
0.686996098761804
0.6591826685603868
0.7180074952246932
0.7041752084666674
0.8317741734782536
0.7548141984907665
0.3818003007450279
0.04547408715328532
0.4126691769689506
0.553857864901653
0.7516693800783805
0.4509048942954299
0.6884336696091461
0.09016899343573545
0.7531640819758273
0.6669588274022602
0.209361807084275
0.5542065744362189
0.5385474029301657
0.7350389078654137
0.8425039092003787
0.5720029039298177
0.6610728417640357
0.507432454285833
0.6503503104590072
0.7729246102619924
0.5246557940232435
0.6945234719235405
0.6696200189820041
0.7046340342455447
0.6443594560572938
0.4604744970087221
0.7045105060468357
0.7030810879004838
0.04250837696955843
0.7610271694952626
0.3217471025901222
0.3363301695767138
0.7342405648207464
0.5065831436013984
0.5971696454016412
0.526874265519786
0.09001466622687551
0.7753086319571703
0.7430897423963261
0.6342132507402919
0.6884271662140636
0.1272205881325395
0.298185394567035
0.6534031246718816
0.7003842413729846
0.7403071282063783
0.6716833024580752
0.4328962121433736
0.6521492448318311
0.5995260116940131
0.6451162184189875
0.23436405596550564
0.6290479506721944
0.7916568187970122
0.6628124889822524
0.6646675988388555
0.4908357130098179
0.4061589128589078
0.648284034643348
0.6914775716528078
0.5368598441329482
0.7648803580665001
0.7464276232886788
0.651614851830892
0.7237218020217102
0.4122085307366169
0.4179326952160922
0.4647911682635081
0.84314732893851
0.2853327356387324
0.4822033745934966
0.8101378913144303
0.6204394821302545
0.6690635452927621
0.7426564742830482
0.6803957901404106
0.6920744800483666
0.6829755832914319
0.7494608800701782
0.3845763410180329
0.5218517157729358
0.6251936850834133
0.8493189624935811
0.6614747874810789
0.559464969550269
0.4106551500308582
0.39296735387733467
0.23157247116298554
0.4272883843675037
0.44890680119521903
0.3271245838388674
0.7227908974618409
0.8596204813985917
0.20141843203650026
0.6484259878899931
0.5481719423238612
0.396058695886989
0.7309336315290105
0.6707349118387164
0.7475344802577495
0.6838207374411263
0.7158153366962166
0.5727204351540848
0.7150562033299481
0.15518337711942864
0.6129929983009896
0.7698523813127176
0.8166096379121522
0.5086080704876978
0.568498560684589
0.8585015212925401
0.6830499030840845
0.6689284723875623
0.6587906039708636
0.4869425668437219
0.6030776666699297
0.716028512423706
0.7290279190476211
0.770896837136608
0.6539424930781349
0.6883511448571679
0.2985941271409561
0.7423144775464581
0.7954821264251803
0.6594707704261237
0.5728031669491376
0.7894859679151479
0.894292308498851
0.6121219139181846
0.6259532182070939
0.7328177615212552
0.6665646035363835
0.5245291156109143
0.5583396832485642
0.6195964058552079
0.5128805425594793
0.3551196242662137
0.6788666861411332
0.45846137894680244
0.7868240709364258
0.722154871632062
0.4458617982481415
0.6072560941577699
0.7285977667484579
0.406484278135047
0.5481995180906877
0.6275026068646415
0.7747880730427303
0.4678863694150922
0.7113955929069531
0.5708306427510945
0.47130307099684554
0.6831928209742218
0.7949848145778552
0.4456222566680998
0.39655105773240396
0.6320808911263915
0.18375778704072981
0.7997155553419522
0.6581810125030986
0.5848676822982672
0.15254109029728627
0.7600863810556301
0.813626591857473
0.5961963603286191
0.42596872140569214
0.38953302926915295
0.5590818238917835
0.720171779910293
0.7214359690026141
0.6572663852845234
0.47382195121777226
0.7375452843865361
0.18353854084995175
0.8260980875523031
0.6278747578120869
0.6926592539317994
0.6871448256408491
0.24290570988780102
0.6756449807633178
0.33209959915872106
0.7427935573503157
0.6698330391445798
0.3655384860488392
0.6093991030538866
0.5918180305224148
0.4079753740466666
0.5547192931443464
0.48524558397452455
0.6319645010746324
0.7564987511397112
0.46110065247131
0.6336779750684112
0.7189183775800734
0.5153377605854559
0.7315882702565268
0.5819518517859512
0.5579892672102438
0.42990488521082454
0.5884591709257954
0.7695027404126303
0.641626034039756
0.42390154104500194
0.49907252947245806
0.8309215812416105
0.647665185977499
0.5269475980792769
0.14273991739440875
0.6286637538414183
0.7671214706477835
0.7381969215662811
0.7194313198189197
0.015104009433224548
0.6156270909243485
0.10992482096780219
0.7686708524638576
0.6309520936177104
0.537401836311311
0.6701074824642324
0.5750307534740298
0.47408339522700255
0.6636684118892295
0.8058120757313122
0.6342954668752955
0.7056275383179077
0.5622889509540772
0.3951359646621714
0.7053589580179186
0.6675021083865886
0.726610246650189
0.7617093069356247
0.6199056287724263
0.5332053614077574
0.6007441405284811
0.6649482757624885
0.62897483405961
0.01734150016099953
0.6023762005462635
0.5243862878784534
0.6679957623371063
0.7053016308797738
0.7681592718046999
0.7136564204845913
0.7334143274977518
0.7503692648178767
0.5141363166512085
0.7495688148577457
0.6663372861271114
0.0600336337734813
0.7256109530748294
0.5642030751396597
0.5670111422959845
0.7641890972864922
0.2693084272354167
0.6209209879176423
0.6640240591828876
0.7834171852102639
0.745583278235936
0.6016616853366632
0.5352953530035127
0.4632795775047315
0.2697763037007376
0.6678094928705992
0.7751057191076475
0.5004767985049876
0.6423509130192276
0.72093465931798
0.7603945786638161
0.7692909809021472
0.7919481171677888
0.7751591570538048
0.6887658979143704
0.40632948383846096
0.7437606749789366
0.8015465957337221
0.6812619138512929
0.6976216656160806
0.6421924027169051
0.6553281386306614
0.8112647765143269
0.6312082762141528
0.529090116898084
0.6092114474564796
0.8006516899834442
0.5414560584386843
0.6810724012865647
0.48732444560160015
0.7681787227362703
0.47499211815636744
0.6250450651830352
0.5288364015486359
0.31500559444653703
0.6176882299381607
0.7266402488916773
0.48392064266331286
0.23948982617900486
0.7641316209494857
0.50212334869004
0.44471804581509883
0.6819579247355415
0.7330671939103077
0.563153846824619
0.6080342405244792
0.71767178038164
0.7244642811233507
0.7468152321381365
0.44146982529514917
0.7729733038860516
0.5618841409347509
0.7423529737595138
0.7223939470480789
0.6356703738814125
0.46862341047039735
0.643640095742702
0.7495275722370658
0.7777092773932845
0.576261387850577
0.4455294114465707
0.7440523549551995
0.6346685274351999
0.6469644766440329
0.8040278595686976
0.5950375641733489
0.641365793519627
0.4814061322658611
0.6650642555290432
0.5071536170230215
0.5942424985861863
0.548129632243615
0.6173538063451903
0.44127722836352445
0.5604328676324591
0.630434029452656
0.6064565042381553
0.8189469377926349
0.6666865450533993
0.7230791261449346
0.6798194095656458
0.6280867974915575
0.6283726736410851
0.7282626890956985
0.5765039641589025
0.4579080207156309
0.5318306929803546
0.8354048835661977
0.7638550973531019
0.6659804316548837
0.5623509969669919
0.6283405896439611
0.4207814387824309
0.4919307364368968
0.6225109801901116
0.6615705241872697
0.7690071883805211
0.6350987595757891
0.6951051317843352
0.4511985970850936
0.6627709019964414
0.6671155826684767
0.3502508869747282
0.7778754177752162
0.556234425122536
0.6390584735470325
0.37114992755042514
0.7240632545407095
0.5280709869602063
0.6137195942380939
0.5766256051061232
0.36889404295002703
0.6776799572090498
0.5940867846735787
0.7580125722809627
0.7459464030521091
0.6401624382771617
0.2972838642124456
0.5672731132576844
0.6771686034183804
0.7598035139134389
0.5662817711280677
0.30256847866424913
0.7776798370653059
0.7757368172736387
0.6510550546766035
0.7510792370047514
0.6202320193432032
0.36243646577680405
0.6962638548562581
0.7553611663280035
0.7365093916958819
0.7525335820360869
0.5326886248397397
0.8470711617554257
0.5720746041597436
0.6806978155947729
0.6016944508978327
0.4993319123341647
0.7360882328089671
0.43833345725659834
0.6732270957868512
0.6533426074827853
0.24115584916989827
0.3816983970910631
0.07443451364605437
0.7822248307781897
0.058483044456254484
0.5480036681084492
0.17231426461640117
0.6192076144957253
0.704677372021099
0.7531203140371652
0.6218022052389742
0.6715092384567187
0.5043682486068828
0.2161278317508603
0.43893759802484933
0.1764071293406541
0.6753654603978972
0.5739223828535105
0.42811384770493355
0.7524150092663079
0.702670854523193
0.25697894312759845
0.6130005305639478
0.012646315059646751
0.46353553061357466
0.6027288950804007
0.5626748701797368
0.7887812491149173
0.7393642699476825
0.4975519892890384
0.7780590896008461
0.5860108187100274
0.7362913058720074
0.8426603336963892
0.8262092817554152
0.5423947860939708
0.47883805270696833
0.2600022470649304
0.7643054727619836
0.7907790288037594
0.591229938926229
0.7170716813904549
0.5790883071882881
0.562902287487472
0.6264830179357695
0.779889360759748
0.7109058310679238
0.7508188224050037
0.556842588557616
0.759733776851244
0.49838860238165705
0.6603244845945367
0.4110958615639367
0.2705126180534488
0.496333610719317
0.5153111969027092
0.6690341404651943
0.14533588337428782
0.28952318429567897
0.2581083015655606
0.7789139938146036
0.7366966009958735
0.6535856344888553
0.7380343167308135
0.7164425258550646
0.7607773661255647
0.6474142964750382
0.6875754146919563
0.4178014853303863
0.33884473786214
0.5041925644798834
0.2602553360852759
0.5323603369183834
0.8011498798485878
0.7281595503993749
0.3948182525011522
0.7630617704657096
0.7761698065869617
0.532313902714497
0.6547970463731264
0.45236567046899073
0.6953607333666599
0.4596041969753675
0.7367054538379718
0.7218968424430305
0.5829454850816159
0.6393690887819411
0.8580641117138496
0.5332262650656108
0.7358245120226837
0.7042081402519524
0.7306688243993806
0.5793959401093111
0.7838475849075874
0.164362385575689
0.7102778984458246
0.6021816343008963
0.542406996612115
0.5645751205761043
0.5757154221377024
0.5009793616426622
0.5961782122475365
0.6099640006629119
0.7099240149991437
0.7164962218122547
0.6908909259868058
0.6111987058446265
0.14208476745946294
0.4126205299997449
0.448622117899176
0.31269311659488935
0.662990473806218
0.509722300240733
0.3628727770318984
0.5998338439759513
0.5773275686647007
0.6233416340254979
0.6312276358920158
0.30329688315212516
0.72386201521557
0.5857596871598204
0.6194497665041363
0.628365713854443
0.6514822830206609
0.6179093103994212
0.5774240376211771
0.23500670448024805
0.5903123892488086
0.4886050780974735
0.6874709014357453
0.7730058477216546
0.3606460497523634
0.712558366763596
0.7641236381415295
0.7071292999248914
0.6615132660793278
0.6945315930775414
0.4664036876160822
0.7191078545778606
0.6833229220166344
0.86146953167432
0.23922830784771495
0.6474138381053859
0.7516041187271726
0.830190647441101
0.7697724045521936
0.7179727783952257
0.2751150394842461
0.6099694456190919
0.7694030954850133
0.6883830605086934
0.20257104517197028
0.679996076325044
0.6556280091605969
0.4785573413241421
0.6937108100743359
0.5457662272623515
0.44869328433843264
0.6308885697680886
0.6360653568682156
0.6484240454782413
0.6662095036548814
0.7596108114099644
0.45555358016604586
0.4374271243269786
0.22688582688285497
0.6191180647919662
0.6648124607624761
0.6711005276792609
0.6282857792600578
0.13115779925691676
0.693637005888342
0.5479102986342801
0.5168413808969223
0.6533135765240685
0.7068264795285697
0.5788049956047765
0.7735315913435689
0.6029575872821429
0.5497569426023957
0.3245870035925517
0.6548164989115345
0.7375616143212527
0.7136396431565388
0.5155836966247455
0.8028185402844791
0.714063887990989
0.7700652856826522
0.7956436462417055
0.18885845565154827
0.6449818786756847
0.16493065254711403
0.6322460956180025
0.25652678004945606
0.40856046591775624
0.4523005744548453
0.5819300402621884
0.4650170328487433
0.5747977669038098
0.3331166826559588
0.7112001069376996
0.18147699357571564
0.631156862325138
0.49138319170306466
0.27056615014655827
0.7860906026081093
0.448159404173132
0.8161616297186275
0.6222413093786046
0.7057085706629389
0.3126923534574885
0.4291103411455303
0.5274542562199453
0.42138299503673093
0.3520733238753454
0.34163473092674423
0.5667260490668191
0.46639891137280676
0.631077812225693
0.5908191267160234
0.7027828359608304
0.6364713312299372
0.46614112174333755
0.6156341252424739
0.4515200852184407
0.6951847827666854
0.6680679549411642
0.5701224699125679
0.5647822518195631
0.7882906034690437
0.676218391678524
0.5074425169513236
0.7833844667498937
0.6310180625383629
0.5918172871637015
0.7922330109889428
0.22200712863304087
0.6857788232055603
0.15085602667264722
0.640587308404138
0.5731334690298676
0.5875932568938385
0.528003173286323
0.44266283148895086
0.7940635802032923
0.5983702511474259
0.6169357289457896
0.7751288288874586
0.5798054804629673
0.6100284541591359
0.6744499295235763
0.6977408630353292
0.7620536295803321
0.65640480775791
0.6455699493581752
0.4365216016602476
0.08615803203326956
0.6105217061368824
0.791333151463427
0.8138151600511294
0.6755761465291272
0.837397483460746
0.5275483472514467
0.6077962906631806
0.580376274592699
0.8397665153920458
0.7208989421948881
0.7417413453011934
0.7135251553728863
0.667223490824229
0.40869617834906236
0.29864645984948796
0.5147737027733655
0.40438257276241685
0.3692348763528438
0.8247256115936541
0.4108834627640988
0.7131562983994386
0.6557935704178033
0.018672140413731834
0.6292167072824094
0.5649174246214645
0.7085699411978916
0.022810364121899223
0.6997150367517496
0.8205673607922132
0.29511142960258413
0.5287308902647271
0.615264951511797
0.7614312823168079
0.4965758779321794
0.8667057803401008
0.46398388370758903
0.8369128355059565
0.8270377477655277
0.34308030194400946
0.4008529968306231
0.5636904643953488
0.6934847240621957
0.08832853925550384
0.5046036932371565
0.711037640375564
0.4587794228776222
0.7046186288276775
0.7009099359070189
0.7784617074086341
0.2624050054749293
0.5085733398819055
0.7761506032493806
0.7175639212900952
0.7357210844987322
0.06921046687192842
0.5228991648653984
0.9172522901386659
0.0016713599530867743
0.6107932879115943
0.5106605073601478
0.7001641019685741
0.7448839581356071
0.6579360292686914
0.6684905824842394
0.6952723875407213
0.4628834505023273
0.6168134301689027
0.7256663527036478
0.6402877369374117
0.5315607940426225
0.6675511015190437
0.7674984734252159
0.7275933140795818
0.36256295831476354
0.5525164039975774
0.5394762402957454
0.6877414946221031
0.786489904907537
0.5281097902822279
0.7678935661011644
0.31636594738549817
0.7498623765210215
0.6022609449369096
0.5924135985721926
0.6748380364666129
0.5745296299667788
0.4140380670268731
0.6901330972851967
0.8026293120750985
0.48018206319478796
0.3321963594708992
0.6215169048848211
0.6385055000749967
0.7208383435674448
0.6792024481793064
0.7425471229729582
0.6677321636325817
0.7374931779224482
0.6199363468898111
0.7126920499306908
0.7633196748042737
0.7066718867365983
0.5227060644701508
0.6851897233076977
0.7860556532003917
0.7309997483551929
0.6027926039135373
0.703171871148179
0.7136908808664273
0.4235112245679112
0.7396821078426189
0.4975400696853471
0.7730879359792192
0.6612498797447182
0.5717571413048639
0.6683694697995086
0.33977135142776793
0.47982870403525524
0.2929027523744698
0.7675132385325734
0.6565790403201305
0.7994738800861306
0.22705126378564905
0.6592053513069367
0.6499548192308452
0.662668477019496
0.6938069892112522
0.6429647563885844
0.7476061462888274
0.4154566058680821
0.6625284169153839
0.6408586900303469
0.7367906446555986
0.14911996285364257
0.6718053578750363
0.677892853054043
0.7132816017830556
0.6256152809694231
0.4055791603639335
0.6416451788429242
0.6436946623772046
0.5393482853342756
0.4999277932053732
0.3655080269146249
0.5552470069827291
0.342406910716661
0.5651144046293298
0.2441673022755999
0.7988235403426407
0.6549313162006257
0.5127510503451607
0.5090514879968463
0.5891952933415534
0.7147454325868083
0.22728203466084154
0.49256079791582374
0.685650521265643
0.7045286119877197
0.6398313081404748
0.6243294837702685
0.6932263944492224
0.09768143887370273
0.29452109302199375
0.6724278039825927
0.34145398986985787
0.4783937413708022
0.33479093941126764
0.06515618391595442
0.6766440393693514
0.3839122804789373
0.17359418438593488
0.5885672721756671
0.8003005150626997
0.5992702642016424
0.6754803798550106
0.612692807026216
0.7119555444801536
0.6528164258936657
0.648949625118791
0.6919276671418968
0.7107891966707816
0.7140494087860372
0.6750103838374614
0.8296344859879589
0.6390956400238735
0.1303481159617544
0.5542390561025831
0.5126313663138913
0.7157647895897343
0.45141660540896406
0.6921137982571639
0.49868244304468234
0.7077861587317615
0.6861304235133644
0.5843624583032677
0.3052517844924348
0.6946148603460747
0.7459243360436715
0.5798040969950332
0.6395919340498928
0.8688306470162853
0.5825329617063931
0.13968512829155835
0.49004033252969004
0.31729921309193077
0.7413336169073742
0.4313537801763133
0.24725460474595518
0.7062588132591383
0.3699053838096334
0.6436067603895582
0.39082391000775224
0.36892896187239493
0.7029996204994976
0.7596265537833093
0.5941106939655356
0.7254539918800873
0.6817374598530779
0.6508257239899072
0.7275319003296369
0.7658525799383141
0.7896330571038187
0.12787565205150464
0.7767480777658304
0.36474044615926743
0.5739075783725337
0.7442697382537344
0.33320212445060193
0.19138929788124162
0.5585588552448394
0.3741104302315768
0.45711451170823975
0.2569765914983696
0.6063009654805486
0.6611744361560584
0.7019822789323108
0.3054147120540763
0.6252368557710325
0.5819812366672414
0.7416238050757044
0.42450611908136465
0.7140688061695415
0.7817143539059034
0.74255440684818
0.8070113201028046
0.6699546832139008
0.7176153155578037
0.6732639847724156
0.5179262362509388
0.6609345434556475
0.7282704098136679
0.80592066155593
0.4633329668233688
0.4288520063510752
0.8344757941945784
0.5399352981530207
0.8043981398161371
0.6462716250191163
0.7296643006200496
0.3053314677784171
0.5017483237178382
0.8280044862717825
0.5470484916999928
0.7305937747176616
0.6636890275002811
0.529982735345613
0.5540456292111616
0.597867733540125
0.0975997103950435
0.5263295878269169
0.2819851459899049
0.6194213736498052
0.4226684232073754
0.643843949141174
0.8247744134300562
0.40026243923948485
0.3341765002170565
0.7123878619854106
0.6837166134354472
0.0757082634062579
0.5604301177670644
0.7120184466663587
0.673649667364127
0.35926745986140757
0.5378161633753236
0.8361434631664187
0.40220861529276686
0.7375947824616369
0.6022610039964119
0.6782866443087366
0.7704753165995663
0.8065909560510554
0.7286448624647412
0.7545052999563675
0.5077691653779253
0.5977454003882946
0.610217958820112
0.6235040860402152
0.6932183252401296
0.6948803138645624
0.5725246794033573
0.7010423414571098
0.4401636624296473
0.6654137848250444
0.11427937791608556
0.6745440366574853
0.5614519332480503
0.5909342882430916
0.4527300718183716
0.7128215836620296
0.7436777451440633
0.5260623299125933
0.1722940677968667
0.47548506342424707
0.5358356188911698
0.8597261776355762
0.2175857145460466
0.47938825060092954
0.6331964945462173
0.0033736817090619076
0.7076304433958476
0.7049157358391007
0.7102398394408925
0.7008050773813899
0.6373642495250584
0.5881893346121455
0.6999863005691886
0.49648481384153037
0.8127592328702122
0.7397932788621786
0.7116922800853795
0.47211206661335126
0.6983599735069251
0.6555660516053917
0.5628021549227196
0.7158676802174484
0.6457471088415241
0.6710901932094363
0.7901099645045712
0.5801209404841228
0.5510874976673067
0.20469900217915427
0.6688026260756942
0.7209532911899357
0.7711244129774235
0.6317223501882504
0.2931937013825241
0.7998686425030779
0.36715837904814874
0.5097454249422921
0.3839382434351195
0.7329172972561963
0.5390825818157837
0.056225725363721654
0.7428156145165581
0.7800386340938408
0.410065823743524
0.7574252717911633
0.6015315097095829
0.4647904759514521
0.7707224639129623
0.7239638401193194
0.5850847516356105
0.7700663647030006
0.5372539752787623
0.8709781764560728
0.25566036998031666
0.301022219501765
0.638774347401754
0.7513215653896431
0.8658164558259894
0.11682311759130592
0.5662877753080253
0.6715456935918572
0.7029867816753845
0.6094179147470922
0.6340809960697403
0.6066089245094282
0.5904197827771508
0.634910636133872
0.7750345032918533
0.20829819960770254
0.45364930669521775
0.7714868862185202
0.4612037384707014
0.4549535783160451
0.7157275704012284
0.8245713616024886
0.7726949064833352
0.5919356338547667
0.28137189403286367
0.7326842684390364
0.6601496287360898
0.7639266174915071
0.7320232285896805
0.5792771213222353
0.5182205432855338
0.7571165713699073
0.5418133651346424
0.7730943626994665
0.7993178834697011
0.7424360853553489
0.213033865963625
0.6960816333584295
0.5405123432138074
0.6618527027744853
0.7029879009914544
0.8222594196328743
0.687359801208504
0.7045438078377967
0.7424703794159433
0.8237090617559973
0.45378571343788104
0.22124163236259392
0.48818322184706303
0.5939184678673618
0.33826567005857294
0.5564985050088923
0.7216854810995902
0.6884318894886227
0.576685631350098
0.4579509504372764
0.7788244332209082
0.7393367747770241
0.40546616957764775
0.6460928991679369
0.6749805528248465
0.5098632280844192
0.29967878810483
0.34465991171400767
0.6085457801684256
0.15948920916570855
0.6961406067104696
0.811962655007848
0.2795612600135405
0.5884959339751019
0.43345441355610054
0.3739100845336529
0.11453192612210344
0.7719199830028651
0.6619969195493389
0.5842198777239217
0.49450632499803987
0.7219983108381843
0.5083665091790192
0.1443810065420716
0.5931984323360869
0.5261038481111255
0.8683488351153803
0.722246409303018
0.7316379330732097
0.44651945302150303
0.771067538369218
0.7440886240869484
0.5396715621742382
0.3028682824075251
0.7237815435953865
0.7147236019145332
0.6266924379905624
0.7498642434702854
0.7082347297469141
0.6999522640704348
0.7289134248733161
0.8259949882327633
0.737543789569061
0.6842504845558931
0.587621292960143
0.6378154621808383
0.6826355316602916
0.4851263526215437
0.3064921017590041
0.30339426737327424
0.59939777162575
0.5260948270211077
0.6535258738832784
0.5788263927558567
0.6725584332938657
0.7183196694208641
0.710350530092975
0.6642866583056658
0.7445126334510208
0.668345305032142
0.7282204376111299
0.5377982941530854
0.6753182335516263
0.3548037900716548
0.4908152352237001
0.7422695431028855
0.6820231993536601
0.6529233046241366
0.7113360214640019
0.7159315768951112
0.11084073250011638
0.6495965619592717
0.6609601804016123
0.5787652265245062
0.679280581660125
0.697038917020593
0.7151997352513475
0.7438821443071848
0.3174963994381703
0.36324556210117714
0.5478159136096381
0.7921510041971389
0.620890574076895
0.5875182941036005
0.5685445094044134
0.607905690947973
0.6401087850213343
0.660544651889122
0.6528572010289948
0.6227629058308873
0.7578406714222908
0.61214621115074
0.4919420066345659
0.5279599261802699
0.47118596869796947
0.6187897049308294
0.8595177039855891
0.595322917650101
0.6631375354934443
0.7397936371230689
0.5999213144669955
0.8026276540918527
0.7366673472921078
0.7078982600342141
0.5436968695301553
0.5895867954827688
0.27836500099993483
0.6655562920134177
0.8578032828391523
0.7688285170306526
0.42498707155139853
0.7646853131449414
0.5803513127026844
0.7395894882592631
0.7814500337462832
0.5813383948019852
0.5180620445050796
0.023654044481631734
0.364120494713117
0.613827206448501
0.18269481491497694
0.7226094705494638
0.20957598052302134
0.780125154297712
0.698996813991837
0.3020800676298337
0.7260218234697213
0.7640995513003915
0.6886676180882079
0.7068160094069719
0.6361364014347384
0.750897886537451
0.586769566657084
0.16583832314593372
0.3570993684011642
0.5542556409295675
0.5397644272201192
0.7482511178419426
0.41676993730761336
0.7257992226769718
0.6574587554167507
0.6059046539858682
0.6273093687877089
0.5466234394156277
0.752501162558848
0.773372770397602
0.3529201197222258
0.6657903442983385
0.7483687789254739
0.37918159469482876
0.2720914016169183
0.8108043064980768
0.5894811363389029
0.6929951001426803
0.688827999093652
0.5603445034791714
0.8366992968032984
0.6457977733300283
0.5209679017896253
0.3829118679336219
0.595878490130949
0.6717443704082957
0.5253564508770847
0.7381052045297256
0.34762232890036054
0.8730602497323637
0.3232159508347198
0.5617722312276944
0.6185226444470578
0.7871831779118297
0.18406165444149528
0.4844204994750064
0.6630641448397379
0.6404829406375205
0.6647757464629196
0.5720168278155706
0.6149606437372275
0.7846258821886226
0.8994245270273238
0.2676969923314559
0.7754686634356119
0.6439811680135205
0.6812259427327348
0.10158771124480068
0.4765480866909419
0.7602395440040906
0.5196188531772804
0.7732195427602038
0.3071591912682769
0.33158266575964546
0.7728446426941998
0.5021604809007348
0.6509602410996688
0.5503993302823063
0.8215032212236933
0.7196469161420898
0.8410385169468553
0.25947997159652253
0.7495819948204342
0.5635984164414171
0.5534394847997247
0.6711185577618339
0.5875606648055008
0.7759875671545299
0.8048964265088479
0.7407996634652281
0.6706219864617302
0.6321414856941492
0.437071188201893
0.5691846790704131
0.07033482957682358
0.6984830756691939
0.5195880696539339
0.7536280714797052
0.5780187301355345
0.6908128502592886
0.6258531237415867
0.6928618417322285
0.7661133580340276
0.6380654220722711
0.7363702423779769
0.7548971412178119
0.35518668438294376
0.5146992504143467
0.7745728206227707
0.636949414976569
0.7487830043975524
0.3756747788834825
0.5782090009805722
0.5088217191424769
0.756750140885205
0.34981531065551724
0.08089081254168562
0.314287225627196
0.7437406146580489
0.7485969819856346
0.649762766952691
0.5511520595129492
0.7002845325551312
0.7482723166633849
0.6625725608981352
0.36680070759434974
0.33178380716612005
0.4679114195584809
0.28062865630908634
0.37908030081840693
0.6759275882667436
0.6856076032288602
0.5412148799650474
0.16829636446624843
0.5938124375018139
0.6959213792115326
0.5651789271931876
0.7214442511250352
0.6710788117746612
0.7099116227270001
0.29946094482612
0.6254726465570974
0.7550192797316099
0.7160720130998086
0.6240082929488947
0.4366600261994791
0.25584484376587224
0.3913079795074437
0.8208165302762479
0.8088576935143382
0.44253022567156686
0.7658599310118569
0.7386752326645405
0.7496508496514162
0.5106102396229542
0.5503522116856626
0.733156229308634
0.45635679158274267
0.7039546790781797
0.48155464821342414
0.27414777905948
0.7033252169377092
0.8096342938463517
0.49270226698617997
0.17201530068356277
0.6293445538225326
0.6907358810670052
0.827231508185082
0.7600811740601824
0.6456125321461177
0.4348117373936521
0.48092244720964833
0.23765478749383412
0.6150752948193238
0.6209978357642452
0.6518163975761035
0.6379520274413387
0.7676413079368019
0.7074685782371011
0.5717487115736939
0.8057768036365801
0.7564171186520771
0.6059086169183132
0.7688117077926766
0.7330755708457402
0.7152023036736259
0.193576621122516
0.7330738327163148
0.276168984330623
0.7183312543395988
0.7194491279777241
0.7871614276236124
0.6933440796134795
0.3892247363085434
0.7380186863991187
0.4372737669520032
0.7695345149443272
0.4608583714861309
0.48456182865893355
0.4676317734634959
0.7182798147189549
0.6121212783191622
0.7902829588483451
0.7303299178946255
0.5838715583459442
0.7266159221844738
0.8391322566566335
0.4001678365175018
0.3922570634907968
0.6496688388166321
0.7002505439214145
0.6638653829791579
0.7734200242656545
0.7702289504550641
0.5656240447172327
0.682491658492897
0.580612388724397
0.7676542726093075
0.603500476666357
0.7838987517534061
0.7180153809424752
0.5402885676693537
0.7585200654248719
0.5823586001291373
0.7441965211946897
0.6562094152798935
0.7610238949071025
0.6049811356051732
0.5497040404073475
0.7355586421003429
0.273503648410257
0.7004794026570698
0.59393284650703
0.5040622731914496
0.20536402689048236
0.614845600455452
0.6115723347506644
0.5300765931362479
0.7448857599358482
0.63186007833143
0.40900139056612045
0.6406327548168597
0.6366946907477523
0.6938739977317332
0.5692806032309181
0.7762376574086626
0.5060272775041104
0.11206665435134454
0.7768736645786305
0.58809230116697
0.8549833026111663
0.6035079759275382
0.5884375474265917
0.518879556928639
0.7531435616082871
0.02437727134622482
0.5868090245274932
0.5507348669354495
0.6890141332331574
0.7050472408216397
0.49797916394263525
0.627216195004454
0.546414335262207
0.5469176198405493
0.7922308434053944
0.5753928393821068
0.2644167826939118
0.7088417600027149
0.47233390778370793
0.7729240868786
0.7575943995329238
0.6564978465062928
0.6053016185988391
0.7318312175600206
0.7802955586478774
0.5728749920819154
0.6825010661806159
0.5114413055196602
0.666719722791178
0.5674519290184508
0.6392198137661813
0.5965642677987294
0.5113406404459119
0.6712132269678248
0.5472744550416019
0.35371235374364735
0.7229891440849177
0.44004159836876916
0.676278912087607
0.4683984266314713
0.20901109427538128
0.6829800279277615
0.6795022772982698
0.4900155818983456
0.5540599787614006
0.23515110002744496
0.42306685660612914
0.47132009549235315
0.6367084435897505
0.15912228710260726
0.6365704143795375
0.6484492357600504
0.6878177688392056
0.7849114973128177
0.5529188274699941
0.14447066655195454
0.7003160619525275
0.7716478803694575
0.7429440896065276
0.7423470706143345
0.7739262850688859
0.5122255522381248
0.644966253236982
0.6414047384800268
0.601279604475052
0.7892928571988381
0.635848336310402
0.7046405630943969
0.684851223393875
0.5869531866849069
0.5330800407593534
0.6019264201618308
0.8252291922574782
0.5819132126157089
0.4516657038764623
0.6655777415210551
0.46059969274626184
0.660587321894325
0.6158012107269752
0.8667102625030432
0.6603254323329708
0.8296821570348424
0.5402366352780449
0.7299342586053483
0.7292439786439868
0.613933204863721
0.6890559456538909
0.7068614709232188
0.8540316859072814
0.6909056043671743
0.6079848435416717
0.6455005600533649
0.6140131383137777
0.5777589025076122
0.8039483023767279
0.4070692780434787
0.7250979077979943
0.09164131874322502
0.7812775619856664
0.24904390242124158
0.6838176854030251
0.724674155938379
0.7301091283920758
0.6930120724050195
0.5830547997595352
0.4811120270173696
0.8509662280314615
0.5195365951387856
0.7496386867318291
0.5917198433226798
0.4978742201082673
0.7426236386956446
0.7048680984635066
0.5683939977891971
0.5615661276236248
0.8026454148348033
0.7443974509013196
0.36993732922612926
0.6485861615240389
0.5777596860161041
0.7051142858389194
0.4022864090693636
0.6936587485572688
0.4787461185267919
0.6513383475673602
0.7900820071251433
0.5213128932993426
0.7571190900142355
0.37352068756956386
0.5302358397117779
0.6515532246792046
0.6923601802430621
0.6964532324510716
0.45188562351373196
0.7324507518848065
0.7358222493717675
0.6718250196917249
0.6598480245468865
0.7834002888196868
0.784325984476703
0.43325033719755357
0.6532112793187927
0.6411363199451192
0.6275767742921972
0.6785270900867058
0.7893528936905188
0.4983851819096404
0.8257750521686573
0.00857566667657052
0.5733115909395978
0.6932263188220439
0.626421965803746
0.6116512649152142
0.5635233059757033
0.627362997658614
0.7448464083634194
0.4359408257896742
0.5323181942238213
0.5875241304269522
0.5584688241639988
0.8119914656196098
0.759526509212839
0.801750370204549
0.7317481785088588
0.5121987804104827
0.11628137238227373
0.29532067024906505
0.4976013259925577
0.8130851974857343
0.5084866548218427
0.5284605738270783
0.8301075577751347
0.5577238655015978
0.7152537528323605
0.04833793801638314
0.6744937857082614
0.5316406684494928
0.3587325406635283
0.3464281020151129
0.2942482388018254
0.4973937323564698
0.66334253928915
0.685686996735989
0.46437061999512735
0.5833549103030387
0.7215127778654655
0.5941456742629141
0.6209805519213539
0.42788867816246956
0.7518639500716217
0.7110467732467076
0.8290388656054642
0.7448291077819107
0.8078538559224587
0.604009299469053
0.5807778473718338
0.04084238262890566
0.3396752838038203
0.5651450873609563
0.7079599329891664
0.7639032463986452
0.2126436325620275
0.6630214838980109
0.5550618935933825
0.7458369743774552
0.4364880225489345
0.6890964440284014
0.7675313320338987
0.698298378827254
0.7732024003179696
0.5213883452322899
0.7290401777932475
0.3833595934927386
0.4968485597949137
0.04345435489959997
0.6672916275402229
0.6370267837729261
0.6707907449841722
0.5714321952909418
0.6958536690449784
0.7547281451540228
0.560019194078699
0.29503598037114165
0.09228760994766146
0.5947772159667736
0.36001944067433234
0.49835415484540907
0.4672802459352932
0.5694053590466798
0.8303121430138343
0.5038765720494545
0.5582757222066352
0.6973501118636838
0.4753095968485784
0.5877203548661072
0.530115688656765
0.5278803087835637
0.5397800119156264
0.08686537524623186
0.3726417080597533
0.2524874510134679
0.7620112705063542
0.6172207577167819
0.7469485632897042
0.6103679754903435
0.5984531109807821
0.5136426302032145
0.5745233146813413
0.7777539049593832
0.7355390143615282
0.43763050594861846
0.7148479615487746
0.4463307780855063
0.4672418507429422
0.13457673771417197
0.5836291939101081
0.6436856872160089
0.20761160975690815
0.4753323183624749
0.6944736185189383
0.6630079297515526
0.5070898786893729
0.7719651675150956
0.7810536481985476
0.7180037460625073
0.7058546225650466
0.624672583966054
0.5136264103753266
0.7603135292080165
0.8015832308706233
0.8339636693995037
0.4761154847209469
0.36635980568649473
0.22642123607246506
0.8436026185212855
0.4862410537973208
0.6171930214969359
0.5324331610990286
0.5794042950737297
0.5742564909626472
0.623055514726445
0.4133140102046835
0.6029244964504016
0.7433584588521402
0.5161181395005418
0.6356422828467988
0.5911633566203206
0.8110161158253893
0.20108367469386867
0.6168760375678405
0.5193585594118514
0.8348921552711889
0.6781604902306073
0.63602810182072
0.3074518736507615
0.4275077829217486
0.6482672231251543
0.7544587419037987
0.7940251934979337
0.6679094140979419
0.22346696753065123
0.5508372886524187
0.6779920204978812
0.2195015655090319
0.5234533307218455
0.3416649474363617
0.6392700716219302
0.7522860120686602
0.5411316035350964
0.5722738387470062
0.7120504447764294
0.4381617646229249
0.4617069482836971
0.5863021600140723
0.7115097168533121
0.7128864717720308
0.5624130006224073
0.5704080596458666
0.44300019324684753
0.46491501637783333
0.7417262031680613
0.6693996096807141
0.3953050781807978
0.40337381012456
0.6563192574531463
0.7488589994667564
0.45396903290972634
0.6464007141396397
0.7934966607612407
0.7902440698407895
0.5261300282615798
0.3470073125849575
0.562398786037717
0.7233228102366484
0.49876414374891115
0.5153651114289945
0.7582141253512615
0.679580642077679
0.3909026624787272
0.6580999158090246
0.6453019066474752
0.7544385662373264
0.6289568197591691
0.6083961571634519
0.5438348725908553
0.7877576773060059
0.6153497264565538
0.7250522384205019
0.715162445333163
0.39868006331656286
0.2898212535876189
0.7345683986912503
0.6569346659713888
0.389965526698918
0.7533462658229
0.6445251668908586
0.7184267877786455
0.5418331818320391
0.7790051339935765
0.5153702718109111
0.43150118647628716
0.624745449275277
0.64528686057184
0.7152639527791727
0.7196202812975465
0.5322033460793614
0.7514784149726752
0.6859912601806941
0.6668597648224933
0.3926756213741392
0.7796598112703287
0.35256527719442
0.7017918226100052
0.7675472595381561
0.7944928329245032
0.47229233848955093
0.7969064876991061
0.5802076598404076
0.1163432154799658
0.3495130903508138
0.09034979142075814
0.7646287386757642
0.2896519654421963
0.67114190920162
0.40097377666670586
0.5316911545682046
0.6994969367652049
0.7134856916433837
0.34831952059101845
0.6301457196574637
0.7544438780328923
0.5678360814711266
0.668719667243472
0.43988075707311874
0.4013503180425642
0.6080284101192269
0.6927852334923099
0.6848105438549145
0.6695227750158415
0.8879871973566659
0.652993848087386
0.680339598545946
0.8019951674449156
0.6017772925646951
0.7396381964268302
0.6334160220221977
0.5608584890430323
0.5587302488731682
0.5491819408692443
0.585725856046093
0.4860891901400423
0.4669130284873289
0.643680982248991
0.6960500348128668
0.6400599615729322
0.44494671495934673
0.8090108314740324
0.7027197043379279
0.12600328428081436
0.7850410790828862
0.3319519879003034
0.7273163191971426
0.22598835026126848
0.4775556130878157
0.6926756993781219
0.6940762303243937
0.6462547914716845
0.5351086251352303
0.4097309100468305
0.5101719346033673
0.6106164189722402
0.7484190345464944
0.7102782598834734
0.8343426889970518
0.5680426056009429
0.6584137037419135
0.613435455299241
0.775542500881126
0.7455894525154998
0.8286571317302966
0.7187311101015007
0.8363616630548605
0.5946831401503387
0.613078369478016
0.6490981778048179
0.6584167556335474
0.5387407363046381
0.6172843159947816
0.7043920747981561
0.751034710080249
0.7286847296442567
0.6965967719427878
0.6074965746374366
0.7718499450849222
0.8163398846172978
0.3167073715932565
0.6523975843908342
0.45147340752671405
0.49238768818732703
0.6005779367162198
0.5829105601297039
0.758174239038871
0.7892063968319036
0.5285134072503731
0.6896101595750942
0.5477479851389442
0.5560428538227928
0.7178029398288872
0.5027854585321012
0.3241936249461581
0.6071586340972198
0.5672437412074796
0.6879170141986559
0.6487293881548116
0.7298023054044872
0.6635502066352273
0.6340833552924648
0.6100838884177805
0.7422670216284657
0.6242295035922102
0.7993892325644723
0.6816487471801396
0.530728695680778
0.7310042691569636
0.7269936418867933
0.6530551189325161
0.4320046976003033
0.6058432888084073
0.6201481723180564
0.7431010661134831
0.7572565275200341
0.7003692700874232
0.6533232300418768
0.5782108450004917
0.36063325412475367
0.7685399403757044
0.7783532937360298
0.7859478432581838
0.7718178883483744
0.535533193562584
0.7442524587136246
0.23636927815157158
0.2580914969120526
0.8276113384785869
0.6108074617996692
0.5984692742003066
0.7108894686349886
0.7474839869093205
0.38810905811578034
0.5601207491900007
0.49996542603811917
0.7056838142944398
0.748636629737644
0.4922246599541577
0.407666486461078
0.7867439624702811
0.7792123882374392
0.4703838907440274
0.6604856497253111
0.3782330779492546
0.7801627066435717
0.6771760624704496
0.7214839667424632
0.707863396642848
0.6139073678849589
0.10292547944771335
0.7102883296463476
0.5568754998493388
0.5533960142070674
0.5458774953662336
0.40269706616486356
0.6814479050761211
0.5542625648022445
0.743438868358276
0.44355493208261215
0.5431934528323283
0.47313853472101375
0.39371236824570555
0.6168106812012308
0.45881073329624955
0.6418248228706619
0.7181082032981813
0.4812091659125138
0.28712046596863944
0.694835051284214
0.6239096976112019
0.6168536890915464
0.7722049046041103
0.5184638710735074
0.44567454736155127
0.35030554518497664
0.5576028671027997
0.4849925218781392
0.6067076723194936
0.46287485418507224
0.5357615289798717
0.6735724116320551
0.6111087063222765
0.1443608859084837
0.6601921453450698
0.6677567528216948
0.6795838197557209
0.6085526216125599
0.5315366044722043
0.6857337667713961
0.7846891214439407
0.5496691013849327
0.43731055820917564
0.7552587680850295
0.6967192241672056
0.33648518784054465
0.6936677491279681
0.7281988930640164
0.6023290085937629
0.7033326181268791
0.8349545518418834
0.6787136094385813
0.6968220812866527
0.664602375292686
0.5116570823642226
0.3906783248947447
0.26873519756800485
0.613068233500873
0.6802159536012327
0.35002587492294224
0.241640686759028
0.7953956014571714
0.6653357530222371
0.7942407403706022
0.32502253065458475
0.6617408942380515
0.3763371719911632
0.6607137685385355
0.19923484656870913
0.769745417043816
0.41187283605302516
0.38112971798753326
0.597772991902646
0.2158867351141054
0.6742942751098135
0.4815151200305851
0.7063326934017341
0.7802626368789851
0.6726651783826798
0.47423541805029495
0.6658057868819873
0.6697164358945221
0.7469400895701472
0.7835849616732963
0.5610800257693253
0.4944870115290697
0.6355327515571145
0.48515663136677395
0.5478774679036493
0.6266339505608927
0.2760157460071441
0.7024485070091963
0.5381131764817232
0.5295286305653965
0.3579431361451151
0.7203392247748608
0.3627414915603107
0.7457014391687605
0.5378669860619864
0.7548174857130616
0.5586900637541733
0.776658683986905
0.6457677129721207
0.15887658099828925
0.7269115591939611
0.6025764893339728
0.6106643308305824
0.7841982805422908
0.7260523086002779
0.6122152003352858
0.2380901862402588
0.5081596163871069
0.6180823764972687
0.6199505921116638
0.6147519739625776
0.4728053408334721
0.6144595896703983
0.6383544162260469
0.8493561173940043
0.7015143560644157
0.5668440354670562
0.6655700449737418
0.6658405801502111
0.7208893028973962
0.6670498023448386
0.6741988744102491
0.1514471400116528
0.5096990318290069
0.616430442733758
0.7344379676092672
0.6377974428160575
0.601449663742638
0.8579012093090552
0.6081313715636842
0.6326743801036075
0.7571769640921377
0.49986138176923856
0.4480474071174389
0.5069623014103832
0.8061574632200779
0.11949485791582205
0.1694423073250145
0.3727890597117274
0.43707330921274873
0.5384671826311379
0.6285722237754745
0.46200255002816226
0.6491615117737021
0.587871077434964
0.6921462303129755
0.7437576523108758
0.4446818578550904
0.5615280753025399
0.756170526794485
0.6082283667073971
0.4309709401820174
0.7177530130090852
0.8555433408836363
0.739365375752042
0.5827814586781267
0.5255867291185087
0.7642262269026935
0.6547538073525758
0.667442993849685
0.674293047389578
0.6363625672850327
0.6376136266724965
0.7450989868805273
0.6230213712184345
0.68812295932991
0.8204427882046236
0.7007955027583792
0.6343130294012252
0.47612446577831874
0.618149829054046
0.6971009889870367
0.8754937397574007
0.5969339702310228
0.45421534882291464
0.6192890654761701
0.1951617755273551
0.4229372865413709
0.6957149726287831
0.3162926834257591
0.7721536224061777
0.6031388490329744
0.6131230616210807
0.3444119784184977
0.764531799932104
0.373012015479349
0.8511709720692439
0.6579847237173465
0.6867620587425991
0.5694702029724195
0.5986602394555219
0.6207052634826115
0.5993193381368901
0.6508046607304908
0.6769707839125603
0.7870359455724782
0.6623338744371953
0.6648665151241252
0.5989274169403299
0.6558205267670607
0.7963879246277206
0.8347212844746171
0.7602855627609887
0.7221746351641278
0.6842060156568188
0.5777628844179362
0.7271956804093792
0.7737764602929876
0.483117903150857
0.7678235045838326
0.64955095627951
0.6660864672220962
0.4709110428405711
0.6365820866590313
0.6384202818611269
0.6889148138270772
0.6432874748449762
0.8140003726785314
0.7058403773446575
0.31751763246255166
0.5747967180020005
0.5249451125207791
0.28530496822834733
0.7400552683750239
0.8192324977670464
0.7232236845877276
0.6924050419874622
0.6323776314907581
0.6068628992196725
0.6563167789713319
0.7426957522808585
0.33250020103563466
0.6242178312152531
0.3231702714985689
0.7181729049942851
0.8481088106927016
0.6687428294500506
0.2165253084903385
0.7838810525498778
0.6956394713986737
0.8091714622494527
0.488238148701951
0.6866071444227158
0.6960272482309726
0.6957888461729752
0.7325409159899231
0.5799343118104587
0.6642597726429923
0.7615414537989849
0.6058969490271408
0.48299940768641614
0.7336095013695177
0.62792803755224
0.774905336596718
0.7036980200705047
0.34302465194238085
0.686894286206817
0.7615220215628704
0.7724555114048199
0.5593102908158313
0.7774560828796376
0.625017444179
0.6400401135184666
0.7404289593518845
0.7901819904486379
0.7849970980166442
0.7147296332001203
0.7223650982439951
0.38747918460083614
0.6467049469300431
0.09105497907078332
0.7946372238524564
0.7577537910577365
0.7342331025847997
0.6744145223059446
0.6557908847568241
0.6307409438580617
0.7756952323243407
0.7925054969047696
0.35521491395291893
0.7403299736391479
0.7748063811598099
0.6542757683465252
0.7220012817061301
0.5418538810852648
0.4982525910611868
0.4485095627441336
0.6655993838444991
0.5458640953105935
0.7247605119116673
0.6277686515266061
0.7149380260176418
0.8646943498213877
0.46691309986883045
0.6455330334228161
0.609763002845833
0.7240458799225388
0.7749506714750956
0.555629168171932
0.17410051282390213
0.6633265623336321
0.7876874358671017
0.7392514316816603
0.7575345890491277
0.21718135526598956
0.4901513753796058
0.46107174188050015
0.699421548240859
0.6717414837927642
0.6237763549408134
0.5439250435442163
0.6498807318766603
0.6574936562659908
0.5816814178906752
0.3545946539494661
0.40492097761073126
0.5915468117045529
0.7059051780640196
0.6699429273359614
0.4337614097442382
0.6032337667350727
0.5596079135186968
0.5904180090891366
0.6454134389706249
0.38992542906854355
0.609351966355286
0.49140482007360925
0.7390397131519229
0.8116557608051814
0.5104031284179454
0.7523178459569404
0.32031575394171585
0.6420481387884779
0.47780817532688713
0.7726303930260063
0.7441248612988803
0.3443707837224255
0.7503439598798634
0.4948613781241347
0.6498104492092389
0.75332460886714
0.8093840212681364
0.7342375114065581
0.17483854322387554
0.6969344479088537
0.16505212499881267
0.5657552108440398
0.5676838694531752
0.6905165011746568
0.6296540433253448
0.7787868529210114
0.7785186536368991
0.6375951397069913
0.768949205195652
0.5968033049769436
0.36231839602693533
0.2873192121575386
0.6327083464709377
0.6037477552139081
0.5186730339928486
0.5981870031413082
0.26693625908630136
0.8712874613930142
0.4641734105548258
0.2731749982903499
0.7662905719531614
0.6567750506598738
0.5118831620165676
0.19077247947020326
0.7296884336010826
0.7355089756145337
0.7913366257108203
0.43282294450542075
0.5445317759717895
0.6512737630213299
0.7212066872153
0.6134242967179201
0.7048170049879242
0.7472411650352117
0.8552613707482035
0.6175357245360201
0.6526366974287896
0.592656809851983
0.7261745983316856
0.7917668911746368
0.7964959819941445
0.708462018488896
0.6379974978681338
0.26876092205211843
0.8592717161222051
0.4496830986560975
0.3656181991799821
0.6731396389005098
0.5771598437486574
0.58760964752758
0.6232221728720491
0.6251740429926685
0.5916226135864304
0.7339389575123023
0.7529946411758571
0.7825153895464172
0.6806890329105892
0.7293993418553394
0.41055666249588463
0.7751080652799592
0.7822706165475912
0.7942985691941339
0.6522710402602322
0.7099284152808695
0.6534676278829175
0.586341625183074
0.6555507846728487
0.7951138629215209
0.20610490985542473
0.6194278987252152
0.6157536923214552
0.5402189908786191
0.4162427539132449
0.4337586159575134
0.7691625769735474
0.6684359990014533
0.520438116437992
0.8166499133722052
0.3530768586265918
0.5210556641620412
0.6769962935693083
0.4330902981099152
0.5785169866477443
0.8353199980480288
0.7664047274774848
0.018198728471701262
0.6240724358176235
0.49730139225368386
0.42995232239640135
0.5974800243715443
0.7559175131832244
0.3860747350932019
0.7570350879019312
0.5898783127693931
0.8070010386933025
0.7013002675585213
0.6604482567371543
0.5209518735347114
0.5021210383496456
0.4832175474001389
0.5685434470816956
0.5849908463902249
0.5021613563552939
0.4123808689074934
0.3800626455212528
0.8051755517856365
0.7646433987086539
0.06432042442999558
0.32285615794850014
0.7462143816119695
0.8483310996489724
0.31563344080859773
0.7040895918750953
0.5654319288053486
0.8604094107995399
0.663201774866379
0.7295193570926473
0.7527952959302571
0.5645841874303745
0.7569011456567083
0.5419989721476545
0.7317477959471715
0.7353818772063297
0.5177909504365993
0.7536456520104287
0.761255301348259
0.5626687065600803
0.628628676526915
0.7365590671303514
0.7290833747076998
0.11794523910030111
0.6842305971114031
0.5754039802607913
0.7494623157619544
0.64753299299439
0.567420913904316
0.7141624164486717
0.5423675512614378
0.4883187392812021
0.7693030371723338
0.3876802528815388
0.6683748840847553
0.7229137307678954
0.6009955249260144
0.7919457433983301
0.4142421328818453
0.8915686167489352
0.5312952865844244
0.5328785359400333
0.8382348918566754
0.7501670337824743
0.5994157283400636
0.14066107207337927
0.7528058880959207
0.7338218427013967
0.5938224233666768
0.6828959013975567
0.7631581123984991
0.2331286711540251
0.8818352705159359
0.7929950691893759
0.6011433965726024
0.5525419046698662
0.7683461163258202
0.6548717188994644
0.7231473229816757
0.2952918927461211
0.3220961233679867
0.724736727844563
0.6010750984333789
0.6778612565813684
0.6151203044483647
0.7285767482928664
0.7603412132085445
0.6100322788346941
0.6664269602996655
0.7489700129590332
0.2822617101438871
0.2387932319899996
0.7156534351037109
0.6629106958523182
0.5932309180491753
0.7077489454290715
0.5025220191294203
0.7564292737202426
0.7057798113506057
0.4786357313443691
0.5958929169933174
0.31685123281951316
0.5213777749170614
0.5749556089613667
0.5836166577246956
0.628660116939119
0.5804691737300177
0.7226960218231729
0.7001745862069941
0.5605060633819053
0.6780375340853932
0.6348591439275185
0.40558884634358994
0.6977719803072662
0.632173540955526
0.20989476119238068
0.7767492813956621
0.4436018046768499
0.6970059060241416
0.6983051994807382
0.7163381309478584
0.7445457086780107
0.7227941335231067
0.6271735605540982
0.37878927310138427
0.6544701074752
0.7594242243652585
0.40150494252453467
0.33702656945721904
0.5945255809604771
0.15523728928991312
0.5962356143251692
0.788234304537941
0.5584081723606206
0.47348141760789747
0.7568124930696315
0.5843381414169059
0.5070482481772547
0.5836025854607108
0.6671473936306465
0.33084401726849816
0.6643381158248168
0.5044135244516881
0.6104204882944692
0.6817815499632472
0.3028071624687505
0.7308648844347643
0.8021916592989646
0.6773131620155193
0.6049323621698552
0.24283376203030974
0.8784507440343566
0.7297754165369837
0.31070092489748513
0.6198180273389051
0.7821161639354279
0.6181609941610214
0.3106851995127861
0.7297664311236671
0.500361605405447
0.5775282387224336
0.49628976287218635
0.7259261243261997
0.8151525034950701
0.7525731722158304
0.8659271883299805
0.07759359883881464
0.5629854142032339
0.5181793882454548
0.6041511806660819
0.590764268403773
0.5518304646507772
0.7250970521199178
0.7742263651805719
0.6327398361331467
0.49837235029669164
0.5294491105389383
0.1300580243895612
